{"num_views": 1000, "image_width": 768, "image_height": 768, "camera_matrix_convention": "ndc", "views": [{"view_index": 0, "image_file": "view_0000.png", "camera_position_world": [0.07422967255115509, -2.9108176231384277, 0.0], "extrinsics_world_to_camera": [[0.0, 0.0, -1.0, -0.0], [0.9996750354766846, 0.02549302577972412, 0.0, -0.0], [-0.02549302577972412, 0.9996750354766846, 0.0, 2.911764144897461], [0.0, 0.0, 0.0, 1.0]], "intrinsics_ndc": [[4.0, 0.0, 0.0], [0.0, 4.0, 0.0], [0.0, 0.0, 1.0]]}, {"view_index": 1, "image_file": "view_0001.png", "camera_position_world": [-0.09478778392076492, -2.9089248180389404, 0.08683338016271591], "extrinsics_world_to_camera": [[0.0, -0.029837386682629585, -0.9995547533035278, 7.450580596923828e-09], [0.9994699954986572, -0.032538898289203644, 0.0009713082108646631, -8.85484041646123e-09], [0.03255339339375496, 0.9990250468254089, -0.029821574687957764, 2.911763906478882], [0.0, 0.0, 0.0, 1.0]], "intrinsics_ndc": [[4.0, 0.0, 0.0], [0.0, 4.0, 0.0], [0.0, 0.0, 1.0]]}, {"view_index": 2, "image_file": "view_0002.png", "camera_position_world": [0.014506431296467781, -2.9070322513580322, -0.16529330611228943], "extrinsics_world_to_camera": [[0.0, 0.05676812306046486, -0.9983874559402466, -0.0], [0.9999876618385315, 0.004973974544554949, 0.00028281923732720315, 3.892637323588133e-10], [-0.004982008133083582, 0.9983749985694885, 0.05676741525530815, 2.9117636680603027], [0.0, 0.0, 0.0, 1.0]], "intrinsics_ndc": [[4.0, 0.0, 0.0], [0.0, 4.0, 0.0], [0.0, 0.0, 1.0]]}, {"view_index": 3, "image_file": "view_0003.png", "camera_position_world": [0.11943500488996506, -2.905139684677124, 0.1557818204164505], "extrinsics_world_to_camera": [[0.0, -0.05354590341448784, -0.9985653758049011, -0.0], [0.9991584420204163, 0.040959250181913376, -0.002196350833401084, -1.4842953532934189e-09], [-0.04101809486746788, 0.9977250099182129, -0.05350084230303764, 2.911763906478882], [0.0, 0.0, 0.0, 1.0]], "intrinsics_ndc": [[4.0, 0.0, 0.0], [0.0, 4.0, 0.0], [0.0, 0.0, 1.0]]}, {"view_index": 4, "image_file": "view_0004.png", "camera_position_world": [-0.21914227306842804, -2.903247117996216, -0.03876318410038948], "extrinsics_world_to_camera": [[0.0, 0.013350476510822773, -0.9999108910560608, -0.0], [0.9971638917922974, -0.07525429874658585, -0.0010047702817246318, -1.136140781454742e-08], [0.07526100426912308, 0.9970750212669373, 0.013312612660229206, 2.911763906478882], [0.0, 0.0, 0.0, 1.0]], "intrinsics_ndc": [[4.0, 0.0, 0.0], [0.0, 4.0, 0.0], [0.0, 0.0, 1.0]]}, {"view_index": 5, "image_file": "view_0005.png", "camera_position_world": [0.20755691826343536, -2.9013543128967285, -0.13203071057796478], "extrinsics_world_to_camera": [[0.0, 0.04545953869819641, -0.9989662170410156, 1.4901161193847656e-08], [0.9974561929702759, 0.07120849937200546, 0.0032404556404799223, -1.737498678267002e-08], [-0.07128219306468964, 0.9964249730110168, 0.04534389451146126, 2.9117636680603027], [0.0, 0.0, 0.0, 1.0]], "intrinsics_ndc": [[4.0, 0.0, 0.0], [0.0, 4.0, 0.0], [0.0, 0.0, 1.0]]}, {"view_index": 6, "image_file": "view_0006.png", "camera_position_world": [-0.06941241770982742, -2.8994617462158203, 0.2582107484340668], "extrinsics_world_to_camera": [[0.0, -0.08870366960763931, -0.9960580468177795, -2.9802322387695312e-08], [0.9997158050537109, -0.023744644597172737, 0.002114572562277317, -4.48198989033699e-09], [0.02383861504495144, 0.995775043964386, -0.08867846429347992, 2.911763906478882], [0.0, 0.0, 0.0, 1.0]], "intrinsics_ndc": [[4.0, 0.0, 0.0], [0.0, 4.0, 0.0], [0.0, 0.0, 1.0]]}, {"view_index": 7, "image_file": "view_0007.png", "camera_position_world": [-0.1323554515838623, -2.897568941116333, -0.2548423707485199], "extrinsics_world_to_camera": [[0.0, 0.08761220425367355, -0.9961546063423157, -0.0], [0.99896639585495, -0.04528062790632248, -0.003982449881732464, 6.170012056827545e-09], [0.04545542225241661, 0.9951250553131104, 0.08752164989709854, 2.911763906478882], [0.0, 0.0, 0.0, 1.0]], "intrinsics_ndc": [[4.0, 0.0, 0.0], [0.0, 4.0, 0.0], [0.0, 0.0, 1.0]]}, {"view_index": 8, "image_file": "view_0008.png", "camera_position_world": [0.2871116101741791, -2.895676374435425, 0.10485270619392395], "extrinsics_world_to_camera": [[0.0, -0.036186378449201584, -0.999345064163208, -7.450580596923828e-09], [0.9951267838478088, 0.09853943437337875, -0.003568122163414955, -1.1088559404015541e-08], [-0.09860401600599289, 0.9944750070571899, -0.036010030657052994, 2.911763906478882], [0.0, 0.0, 0.0, 1.0]], "intrinsics_ndc": [[4.0, 0.0, 0.0], [0.0, 4.0, 0.0], [0.0, 0.0, 1.0]]}, {"view_index": 9, "image_file": "view_0009.png", "camera_position_world": [-0.2986431419849396, -2.8937838077545166, 0.12327553331851959], "extrinsics_world_to_camera": [[0.0, -0.04256151616573334, -0.9990938305854797, -0.0], [0.9947263598442078, -0.10247140377759933, 0.004365293774753809, -2.3166649043560028e-08], [0.10256434231996536, 0.9938250184059143, -0.04233706369996071, 2.911764144897461], [0.0, 0.0, 0.0, 1.0]], "intrinsics_ndc": [[4.0, 0.0, 0.0], [0.0, 4.0, 0.0], [0.0, 0.0, 1.0]]}, {"view_index": 10, "image_file": "view_0010.png", "camera_position_world": [0.14394225180149078, -2.8918912410736084, -0.30759623646736145], "extrinsics_world_to_camera": [[0.0, 0.10576845705509186, -0.9943908452987671, -2.9802322387695312e-08], [0.998777449131012, 0.049157436937093735, 0.005228634458035231, -3.841705620288849e-09], [-0.04943472519516945, 0.9931750297546387, 0.10563913732767105, 2.91176438331604], [0.0, 0.0, 0.0, 1.0]], "intrinsics_ndc": [[4.0, 0.0, 0.0], [0.0, 4.0, 0.0], [0.0, 0.0, 1.0]]}, {"view_index": 11, "image_file": "view_0011.png", "camera_position_world": [0.1063523143529892, -2.889998435974121, 0.3390679359436035], "extrinsics_world_to_camera": [[0.0, -0.11652535945177078, -0.9931877255439758, -0.0], [0.9993327260017395, 0.03627622872591019, -0.004256094340234995, 2.2118911147117615e-09], [-0.036525048315525055, 0.9925249814987183, -0.11644760519266129, 2.9117636680603027], [0.0, 0.0, 0.0, 1.0]], "intrinsics_ndc": [[4.0, 0.0, 0.0], [0.0, 4.0, 0.0], [0.0, 0.0, 1.0]]}, {"view_index": 12, "image_file": "view_0012.png", "camera_position_world": [-0.3204948306083679, -2.888105869293213, -0.18573330342769623], "extrinsics_world_to_camera": [[0.0, 0.06417715549468994, -0.9979385137557983, -0.0], [0.9939239621162415, -0.10984205454587936, -0.007063912693411112, 1.3620592653751373e-08], [0.11006896197795868, 0.9918749928474426, 0.06378721445798874, 2.911764144897461], [0.0, 0.0, 0.0, 1.0]], "intrinsics_ndc": [[4.0, 0.0, 0.0], [0.0, 4.0, 0.0], [0.0, 0.0, 1.0]]}, {"view_index": 13, "image_file": "view_0013.png", "camera_position_world": [0.3759155571460724, -2.8862133026123047, -0.08264397829771042], "extrinsics_world_to_camera": [[0.0, 0.02862231805920601, -0.999590277671814, -0.0], [0.991631269454956, 0.12904945015907288, 0.003695208579301834, 2.3283064365386963e-09], [-0.12910234928131104, 0.9912250638008118, 0.028382787480950356, 2.911764144897461], [0.0, 0.0, 0.0, 1.0]], "intrinsics_ndc": [[4.0, 0.0, 0.0], [0.0, 4.0, 0.0], [0.0, 0.0, 1.0]]}, {"view_index": 14, "image_file": "view_0014.png", "camera_position_world": [-0.22937797009944916, -2.8843204975128174, 0.3262665569782257], "extrinsics_world_to_camera": [[0.0, -0.11240047961473465, -0.9936630129814148, -0.0], [0.9968923330307007, -0.078277088701725, 0.008854493498802185, 7.683411240577698e-09], [0.0787762925028801, 0.9905750155448914, -0.11205117404460907, 2.911763906478882], [0.0, 0.0, 0.0, 1.0]], "intrinsics_ndc": [[4.0, 0.0, 0.0], [0.0, 4.0, 0.0], [0.0, 0.0, 1.0]]}, {"view_index": 15, "image_file": "view_0015.png", "camera_position_world": [-0.05298297107219696, -2.882427930831909, -0.40886589884757996], "extrinsics_world_to_camera": [[0.0, 0.1404418796300888, -0.9900888800621033, -0.0], [0.999834418296814, -0.01801583170890808, -0.002555505372583866, 3.026798367500305e-09], [0.01819617673754692, 0.9899250268936157, 0.1404186338186264, 2.911764144897461], [0.0, 0.0, 0.0, 1.0]], "intrinsics_ndc": [[4.0, 0.0, 0.0], [0.0, 4.0, 0.0], [0.0, 0.0, 1.0]]}, {"view_index": 16, "image_file": "view_0016.png", "camera_position_world": [0.3252103328704834, -2.880535125732422, 0.2740876078605652], "extrinsics_world_to_camera": [[0.0, -0.09472379088401794, -0.9955036044120789, -0.0], [0.9937433004379272, 0.11118623614311218, -0.010579551570117474, 1.7695128917694092e-08], [-0.11168843507766724, 0.9892750382423401, -0.09413113445043564, 2.911763906478882], [0.0, 0.0, 0.0, 1.0]], "intrinsics_ndc": [[4.0, 0.0, 0.0], [0.0, 4.0, 0.0], [0.0, 0.0, 1.0]]}, {"view_index": 17, "image_file": "view_0017.png", "camera_position_world": [-0.43755966424942017, -2.8786425590515137, 0.018094466999173164], "extrinsics_world_to_camera": [[0.0, -0.006285639014095068, -0.9999802112579346, 1.862645149230957e-09], [0.9886444807052612, -0.15027007460594177, 0.0009445621981285512, 4.4985426939092577e-08], [0.15027305483818054, 0.9886249899864197, -0.006214262917637825, 2.911763906478882], [0.0, 0.0, 0.0, 1.0]], "intrinsics_ndc": [[4.0, 0.0, 0.0], [0.0, 4.0, 0.0], [0.0, 0.0, 1.0]]}, {"view_index": 18, "image_file": "view_0018.png", "camera_position_world": [0.3191140294075012, -2.8767499923706055, -0.3175610899925232], "extrinsics_world_to_camera": [[0.0, 0.10972233861684799, -0.993962287902832, -2.9802322387695312e-08], [0.993976354598999, 0.10893304646015167, 0.012024992145597935, 8.614733815193176e-09], [-0.10959474742412567, 0.987975001335144, 0.10906141251325607, 2.911763906478882], [0.0, 0.0, 0.0, 1.0]], "intrinsics_ndc": [[4.0, 0.0, 0.0], [0.0, 4.0, 0.0], [0.0, 0.0, 1.0]]}, {"view_index": 19, "image_file": "view_0019.png", "camera_position_world": [-0.021346474066376686, -2.8748574256896973, 0.4616371989250183], "extrinsics_world_to_camera": [[0.0, -0.1585463583469391, -0.9873515367507935, 2.9802322387695312e-08], [0.9999732375144958, -0.007238387130200863, 0.0011623214231804013, -4.656612873077393e-10], [0.007331114262342453, 0.9873250722885132, -0.15854211151599884, 2.911764144897461], [0.0, 0.0, 0.0, 1.0]], "intrinsics_ndc": [[4.0, 0.0, 0.0], [0.0, 4.0, 0.0], [0.0, 0.0, 1.0]]}, {"view_index": 20, "image_file": "view_0020.png", "camera_position_world": [-0.3035387098789215, -2.87296462059021, -0.36374083161354065], "extrinsics_world_to_camera": [[0.0, 0.1256054788827896, -0.9920802712440491, -0.0], [0.9945515990257263, -0.10342004895210266, -0.013093824498355389, 1.0244548320770264e-08], [0.10424564778804779, 0.986674964427948, 0.12492112815380096, 2.911763906478882], [0.0, 0.0, 0.0, 1.0]], "intrinsics_ndc": [[4.0, 0.0, 0.0], [0.0, 4.0, 0.0], [0.0, 0.0, 1.0]]}, {"view_index": 21, "image_file": "view_0021.png", "camera_position_world": [0.4807601869106293, -2.8710720539093018, 0.06468560546636581], "extrinsics_world_to_camera": [[0.0, -0.022524405270814896, -0.9997463226318359, 7.450580596923828e-09], [0.9862752556800842, 0.16506771743297577, -0.0037189957220107317, 1.1496013030409813e-09], [-0.16510960459709167, 0.9860250353813171, -0.022215263918042183, 2.911763906478882], [0.0, 0.0, 0.0, 1.0]], "intrinsics_ndc": [[4.0, 0.0, 0.0], [0.0, 4.0, 0.0], [0.0, 0.0, 1.0]]}, {"view_index": 22, "image_file": "view_0022.png", "camera_position_world": [-0.40728047490119934, -2.8691792488098145, 0.2833751440048218], "extrinsics_world_to_camera": [[0.0, -0.09828701615333557, -0.9951580762863159, -0.0], [0.9901692867279053, -0.13919688761234283, 0.013747812248766422, 1.1641532182693481e-09], [0.1398741453886032, 0.9853750467300415, -0.0973207876086235, 2.911763906478882], [0.0, 0.0, 0.0, 1.0]], "intrinsics_ndc": [[4.0, 0.0, 0.0], [0.0, 4.0, 0.0], [0.0, 0.0, 1.0]]}, {"view_index": 23, "image_file": "view_0023.png", "camera_position_world": [0.11127422749996185, -2.8672866821289062, -0.49462512135505676], "extrinsics_world_to_camera": [[0.0, 0.1699954718351364, -0.9854448437690735, -2.9802322387695312e-08], [0.9992695450782776, 0.0376591719686985, 0.0064964452758431435, -3.725290298461914e-09], [-0.03821540251374245, 0.9847249984741211, 0.16987130045890808, 2.911763906478882], [0.0, 0.0, 0.0, 1.0]], "intrinsics_ndc": [[4.0, 0.0, 0.0], [0.0, 4.0, 0.0], [0.0, 0.0, 1.0]]}, {"view_index": 24, "image_file": "view_0024.png", "camera_position_world": [0.2573293447494507, -2.865394115447998, 0.44907405972480774], "extrinsics_world_to_camera": [[0.0, -0.15483331680297852, -0.9879405498504639, -0.0], [0.9960871338844299, 0.08731000125408173, -0.013683512806892395, 2.9336661100387573e-08], [-0.0883757621049881, 0.9840750098228455, -0.15422749519348145, 2.911764144897461], [0.0, 0.0, 0.0, 1.0]], "intrinsics_ndc": [[4.0, 0.0, 0.0], [0.0, 4.0, 0.0], [0.0, 0.0, 1.0]]}, {"view_index": 25, "image_file": "view_0025.png", "camera_position_world": [-0.5029718279838562, -2.86350154876709, -0.16046173870563507], "extrinsics_world_to_camera": [[0.0, 0.055949121713638306, -0.9984336495399475, -0.0], [0.9849678874015808, -0.17246727645397186, -0.009664530865848064, 6.170012056827545e-09], [0.17273785173892975, 0.9834250211715698, 0.05510808527469635, 2.911764144897461], [0.0, 0.0, 0.0, 1.0]], "intrinsics_ndc": [[4.0, 0.0, 0.0], [0.0, 4.0, 0.0], [0.0, 0.0, 1.0]]}, {"view_index": 26, "image_file": "view_0026.png", "camera_position_world": [0.48849308490753174, -2.8616087436676025, -0.22569619119167328], "extrinsics_world_to_camera": [[0.0, 0.07862622290849686, -0.996904194355011, 1.4901161193847656e-08], [0.9858269691467285, 0.1672459840774536, 0.013190755620598793, 3.003515303134918e-08], [-0.16776534914970398, 0.9827749729156494, 0.07751184701919556, 2.9117636680603027], [0.0, 0.0, 0.0, 1.0]], "intrinsics_ndc": [[4.0, 0.0, 0.0], [0.0, 4.0, 0.0], [0.0, 0.0, 1.0]]}, {"view_index": 27, "image_file": "view_0027.png", "camera_position_world": [-0.21159271895885468, -2.8597161769866943, 0.50559002161026], "extrinsics_world_to_camera": [[0.0, -0.17409728467464447, -0.9847284555435181, 5.960464477539063e-08], [0.9973562359809875, -0.07155846804380417, 0.012651341035962105, 2.0954757928848267e-08], [0.07266822457313538, 0.9821250438690186, -0.1736370176076889, 2.911763906478882], [0.0, 0.0, 0.0, 1.0]], "intrinsics_ndc": [[4.0, 0.0, 0.0], [0.0, 4.0, 0.0], [0.0, 0.0, 1.0]]}, {"view_index": 28, "image_file": "view_0028.png", "camera_position_world": [-0.18881087005138397, -2.857823371887207, -0.5249423384666443], "extrinsics_world_to_camera": [[0.0, 0.18066351115703583, -0.9835449457168579, 5.960464477539063e-08], [0.9978953003883362, -0.0637771412730217, -0.01171497255563736, -5.587935447692871e-09], [0.06484415382146835, 0.9814749360084534, 0.18028327822685242, 2.9117636680603027], [0.0, 0.0, 0.0, 1.0]], "intrinsics_ndc": [[4.0, 0.0, 0.0], [0.0, 4.0, 0.0], [0.0, 0.0, 1.0]]}, {"view_index": 29, "image_file": "view_0029.png", "camera_position_world": [0.5023230314254761, -2.855930805206299, 0.26400694251060486], "extrinsics_world_to_camera": [[0.0, -0.09204918146133423, -0.9957544803619385, -0.0], [0.9850069284439087, 0.17178261280059814, -0.01587986759841442, -1.6763806343078613e-08], [-0.17251503467559814, 0.9808250069618225, -0.09066907316446304, 2.911763906478882], [0.0, 0.0, 0.0, 1.0]], "intrinsics_ndc": [[4.0, 0.0, 0.0], [0.0, 4.0, 0.0], [0.0, 0.0, 1.0]]}, {"view_index": 30, "image_file": "view_0030.png", "camera_position_world": [-0.5578629970550537, -2.8540382385253906, 0.1470508873462677], "extrinsics_world_to_camera": [[0.0, -0.0514555424451828, -0.9986752867698669, -0.0], [0.9814752340316772, -0.19133557379245758, 0.009858335368335247, 2.7241185307502747e-08], [0.1915893703699112, 0.9801750183105469, -0.050502337515354156, 2.911764144897461], [0.0, 0.0, 0.0, 1.0]], "intrinsics_ndc": [[4.0, 0.0, 0.0], [0.0, 4.0, 0.0], [0.0, 0.0, 1.0]]}, {"view_index": 31, "image_file": "view_0031.png", "camera_position_world": [0.3170411288738251, -2.8521456718444824, -0.4930717945098877], "extrinsics_world_to_camera": [[-0.8411269187927246, 0.0, -0.5408377647399902, -0.0], [0.5297641158103943, 0.20132257044315338, -0.8239048719406128, 2.9802322387695312e-08], [-0.1088828444480896, 0.9795250296592712, 0.16933783888816833, 2.911764144897461], [0.0, 0.0, 0.0, 1.0]], "intrinsics_ndc": [[4.0, 0.0, 0.0], [0.0, 4.0, 0.0], [0.0, 0.0, 1.0]]}, {"view_index": 32, "image_file": "view_0032.png", "camera_position_world": [0.10083609074354172, -2.850252866744995, 0.5867363810539246], "extrinsics_world_to_camera": [[0.9855514764785767, 0.0, -0.1693761646747589, -0.0], [0.16579808294773102, 0.20445960760116577, 0.9647316932678223, -5.960464477539063e-08], [-0.034630585461854935, 0.9788749814033508, -0.20150548219680786, 2.911763906478882], [0.0, 0.0, 0.0, 1.0]], "intrinsics_ndc": [[4.0, 0.0, 0.0], [0.0, 4.0, 0.0], [0.0, 0.0, 1.0]]}, {"view_index": 33, "image_file": "view_0033.png", "camera_position_world": [-0.47779613733291626, -2.848360300064087, -0.3700321912765503], "extrinsics_world_to_camera": [[-0.6123030185699463, 0.0, 0.790623128414154, -0.0], [-0.7734072804450989, 0.20754721760749817, -0.5989701151847839, 1.4901161193847656e-08], [0.16409164667129517, 0.9782249927520752, 0.12708179652690887, 2.9117636680603027], [0.0, 0.0, 0.0, 1.0]], "intrinsics_ndc": [[4.0, 0.0, 0.0], [0.0, 4.0, 0.0], [0.0, 0.0, 1.0]]}, {"view_index": 34, "image_file": "view_0034.png", "camera_position_world": [0.6110876798629761, -2.8464674949645996, -0.05062736198306084], "extrinsics_world_to_camera": [[-0.08256508409976959, 0.0, -0.9965856671333313, -0.0], [0.974237322807312, 0.21058757603168488, -0.08071357011795044, -5.9138983488082886e-08], [-0.20986856520175934, 0.9775750637054443, 0.017387181520462036, 2.911763906478882], [0.0, 0.0, 0.0, 1.0]], "intrinsics_ndc": [[4.0, 0.0, 0.0], [0.0, 4.0, 0.0], [0.0, 0.0, 1.0]]}, {"view_index": 35, "image_file": "view_0035.png", "camera_position_world": [-0.4223209619522095, -2.8445749282836914, 0.4565165936946869], "extrinsics_world_to_camera": [[0.7340648770332336, -0.0, 0.6790792942047119, 2.9802322387695312e-08], [-0.6634095311164856, 0.21358263492584229, 0.7171263694763184, -2.9802322387695312e-08], [0.14503955841064453, 0.9769250154495239, -0.15678352117538452, 2.911763906478882], [0.0, 0.0, 0.0, 1.0]], "intrinsics_ndc": [[4.0, 0.0, 0.0], [0.0, 4.0, 0.0], [0.0, 0.0, 1.0]]}, {"view_index": 36, "image_file": "view_0036.png", "camera_position_world": [0.0030757386703044176, -2.842682361602783, -0.6304894089698792], "extrinsics_world_to_camera": [[-0.9999880790710449, 0.0, -0.004878276959061623, 2.3283064365386963e-10], [0.004762540105730295, 0.2165343463420868, -0.9762634038925171, -5.960464477539063e-08], [-0.001056314562447369, 0.9762750267982483, 0.21653176844120026, 2.911764144897461], [0.0, 0.0, 0.0, 1.0]], "intrinsics_ndc": [[4.0, 0.0, 0.0], [0.0, 4.0, 0.0], [0.0, 0.0, 1.0]]}, {"view_index": 37, "image_file": "view_0037.png", "camera_position_world": [0.4293147325515747, -2.840789556503296, 0.47325682640075684], "extrinsics_world_to_camera": [[0.7406553030014038, 0.0, -0.6718851327896118, -0.0], [0.6555079221725464, 0.2194444239139557, 0.7226018309593201, -2.9802322387695312e-08], [-0.14744146168231964, 0.9756249785423279, -0.16253268718719482, 2.9117636680603027], [0.0, 0.0, 0.0, 1.0]], "intrinsics_ndc": [[4.0, 0.0, 0.0], [0.0, 4.0, 0.0], [0.0, 0.0, 1.0]]}, {"view_index": 38, "image_file": "view_0038.png", "camera_position_world": [-0.6445650458335876, -2.8388969898223877, -0.059738148003816605], "extrinsics_world_to_camera": [[-0.09228428453207016, 0.0, 0.9957327246665955, 7.450580596923828e-09], [-0.9708145260810852, 0.2223145216703415, -0.08997487276792526, -2.3748725652694702e-08], [0.22136583924293518, 0.9749749898910522, 0.020516136661171913, 2.911763906478882], [0.0, 0.0, 0.0, 1.0]], "intrinsics_ndc": [[4.0, 0.0, 0.0], [0.0, 4.0, 0.0], [0.0, 0.0, 1.0]]}, {"view_index": 39, "image_file": "view_0039.png", "camera_position_world": [0.5222024321556091, -2.8370044231414795, -0.3963330388069153], "extrinsics_world_to_camera": [[-0.6045602560043335, 0.0, -0.7965594530105591, -0.0], [0.7761077880859375, 0.22514617443084717, -0.5890381932258606, 2.9802322387695312e-08], [-0.17934229969978333, 0.9743250012397766, 0.13611441850662231, 2.911764144897461], [0.0, 0.0, 0.0, 1.0]], "intrinsics_ndc": [[4.0, 0.0, 0.0], [0.0, 4.0, 0.0], [0.0, 0.0, 1.0]]}, {"view_index": 40, "image_file": "view_0040.png", "camera_position_world": [-0.11879313737154007, -2.8351118564605713, 0.6529921889305115], "extrinsics_world_to_camera": [[0.9838520884513855, -0.0, 0.17898358404636383, -7.450580596923828e-09], [-0.1742718517780304, 0.22794078290462494, 0.9579522609710693, -5.960464477539063e-08], [0.040797654539346695, 0.9736750721931458, -0.22426000237464905, 2.91176438331604], [0.0, 0.0, 0.0, 1.0]], "intrinsics_ndc": [[4.0, 0.0, 0.0], [0.0, 4.0, 0.0], [0.0, 0.0, 1.0]]}, {"view_index": 41, "image_file": "view_0041.png", "camera_position_world": [-0.35777410864830017, -2.833219051361084, -0.5685388445854187], "extrinsics_world_to_camera": [[-0.8463635444641113, 0.0, 0.5326055884361267, -0.0], [-0.5182385444641113, 0.23069968819618225, -0.8235328793525696, -2.9802322387695312e-08], [0.12287195026874542, 0.9730249643325806, 0.1952558159828186, 2.9117636680603027], [0.0, 0.0, 0.0, 1.0]], "intrinsics_ndc": [[4.0, 0.0, 0.0], [0.0, 4.0, 0.0], [0.0, 0.0, 1.0]]}, {"view_index": 42, "image_file": "view_0042.png", "camera_position_world": [0.6555049419403076, -2.8313262462615967, 0.17964673042297363], "extrinsics_world_to_camera": [[0.2643122375011444, 0.0, -0.9644371867179871, 1.4901161193847656e-08], [0.9377946257591248, 0.23342421650886536, 0.2570106089115143, 1.4901161193847656e-08], [-0.22512298822402954, 0.9723750352859497, -0.06169687956571579, 2.9117636680603027], [0.0, 0.0, 0.0, 1.0]], "intrinsics_ndc": [[4.0, 0.0, 0.0], [0.0, 4.0, 0.0], [0.0, 0.0, 1.0]]}, {"view_index": 43, "image_file": "view_0043.png", "camera_position_world": [-0.6116704940795898, -2.8294336795806885, 0.3138992190361023], "extrinsics_world_to_camera": [[0.4565723240375519, -0.0, 0.8896863460540771, -2.9802322387695312e-08], [-0.8645304441452026, 0.236115500330925, 0.44366273283958435, 2.9802322387695312e-08], [0.2100687175989151, 0.9717249870300293, -0.10780379921197891, 2.9117636680603027], [0.0, 0.0, 0.0, 1.0]], "intrinsics_ndc": [[4.0, 0.0, 0.0], [0.0, 4.0, 0.0], [0.0, 0.0, 1.0]]}, {"view_index": 44, "image_file": "view_0044.png", "camera_position_world": [0.2416824847459793, -2.8275411128997803, -0.6518970727920532], "extrinsics_world_to_camera": [[-0.9376367330551147, 0.0, -0.3476167917251587, 1.4901161193847656e-08], [0.3375619649887085, 0.23877470195293427, -0.9105156064033508, -0.0], [-0.08300209045410156, 0.9710749983787537, 0.22388391196727753, 2.911763906478882], [0.0, 0.0, 0.0, 1.0]], "intrinsics_ndc": [[4.0, 0.0, 0.0], [0.0, 4.0, 0.0], [0.0, 0.0, 1.0]]}, {"view_index": 45, "image_file": "view_0045.png", "camera_position_world": [0.2650263011455536, -2.825648546218872, 0.6510304808616638], "extrinsics_world_to_camera": [[0.9261959195137024, 0.0, -0.377042680978775, -0.0], [0.36589163541793823, 0.24140281975269318, 0.8988037109375, -0.0], [-0.0910191610455513, 0.970425009727478, -0.2235862910747528, 2.911763906478882], [0.0, 0.0, 0.0, 1.0]], "intrinsics_ndc": [[4.0, 0.0, 0.0], [0.0, 4.0, 0.0], [0.0, 0.0, 1.0]]}, {"view_index": 46, "image_file": "view_0046.png", "camera_position_world": [-0.6420231461524963, -2.823755979537964, -0.3042667508125305], "extrinsics_world_to_camera": [[-0.42825940251350403, 0.0, 0.9036558866500854, -0.0], [-0.8763428926467896, 0.24400092661380768, -0.41531527042388916, -1.4901161193847656e-08], [0.22049285471439362, 0.9697750210762024, 0.10449568182229996, 2.911764144897461], [0.0, 0.0, 0.0, 1.0]], "intrinsics_ndc": [[4.0, 0.0, 0.0], [0.0, 4.0, 0.0], [0.0, 0.0, 1.0]]}, {"view_index": 47, "image_file": "view_0047.png", "camera_position_world": [0.6860854625701904, -2.8218631744384766, -0.211527481675148], "extrinsics_world_to_camera": [[-0.2946256399154663, 0.0, -0.9556127786636353, -0.0], [0.926108181476593, 0.2465699464082718, -0.28552907705307007, 2.2351741790771484e-08], [-0.23562537133693695, 0.969124972820282, 0.07264582067728043, 2.911763906478882], [0.0, 0.0, 0.0, 1.0]], "intrinsics_ndc": [[4.0, 0.0, 0.0], [0.0, 4.0, 0.0], [0.0, 0.0, 1.0]]}, {"view_index": 48, "image_file": "view_0048.png", "camera_position_world": [-0.36675405502319336, -2.8199706077575684, 0.6258007884025574], "extrinsics_world_to_camera": [[0.8627549409866333, -0.0, 0.5056223273277283, 2.9802322387695312e-08], [-0.4896826148033142, 0.24911077320575714, 0.8355566263198853, -0.0], [0.1259559690952301, 0.9684750437736511, -0.21492154896259308, 2.911764144897461], [0.0, 0.0, 0.0, 1.0]], "intrinsics_ndc": [[4.0, 0.0, 0.0], [0.0, 4.0, 0.0], [0.0, 0.0, 1.0]]}, {"view_index": 49, "image_file": "view_0049.png", "camera_position_world": [-0.15382590889930725, -2.818077802658081, -0.7163404226303101], "extrinsics_world_to_camera": [[-0.9777116179466248, 0.0, 0.20995238423347473, -0.0], [-0.2031971514225006, 0.2516242563724518, -0.9462536573410034, -0.0], [0.052829112857580185, 0.9678249359130859, 0.24601596593856812, 2.9117636680603027], [0.0, 0.0, 0.0, 1.0]], "intrinsics_ndc": [[4.0, 0.0, 0.0], [0.0, 4.0, 0.0], [0.0, 0.0, 1.0]]}, {"view_index": 50, "image_file": "view_0050.png", "camera_position_world": [0.6032110452651978, -2.816185235977173, 0.42849284410476685], "extrinsics_world_to_camera": [[0.579113245010376, 0.0, -0.8152470588684082, 2.9802322387695312e-08], [0.7884865999221802, 0.25411123037338257, 0.5601038336753845, -2.9802322387695312e-08], [-0.20716345310211182, 0.9671750068664551, -0.14715920388698578, 2.911763906478882], [0.0, 0.0, 0.0, 1.0]], "intrinsics_ndc": [[4.0, 0.0, 0.0], [0.0, 4.0, 0.0], [0.0, 0.0, 1.0]]}, {"view_index": 51, "image_file": "view_0051.png", "camera_position_world": [-0.7413433194160461, -2.8142926692962646, 0.09239219129085541], "extrinsics_world_to_camera": [[0.12367132306098938, -0.0, 0.9923231601715088, -0.0], [-0.9591051340103149, 0.256572425365448, 0.11953143030405045, -4.377216100692749e-08], [0.2546028196811676, 0.9665250182151794, -0.03173065930604935, 2.911763906478882], [0.0, 0.0, 0.0, 1.0]], "intrinsics_ndc": [[4.0, 0.0, 0.0], [0.0, 4.0, 0.0], [0.0, 0.0, 1.0]]}, {"view_index": 52, "image_file": "view_0052.png", "camera_position_world": [0.4888313114643097, -2.8124001026153564, -0.5742990970611572], "extrinsics_world_to_camera": [[-0.7614960670471191, 0.0, -0.6481693983078003, -0.0], [0.6260506510734558, 0.25900864601135254, -0.7355100512504578, -0.0], [-0.16788150370121002, 0.9658750295639038, 0.19723409414291382, 2.91176438331604], [0.0, 0.0, 0.0, 1.0]], "intrinsics_ndc": [[4.0, 0.0, 0.0], [0.0, 4.0, 0.0], [0.0, 0.0, 1.0]]}, {"view_index": 53, "image_file": "view_0053.png", "camera_position_world": [0.027740394696593285, -2.810507297515869, 0.7606892585754395], "extrinsics_world_to_camera": [[0.9993357062339783, 0.0, -0.03644322231411934, -0.0], [0.035175908356904984, 0.2614205479621887, 0.9645838141441345, -0.0], [-0.00952700711786747, 0.9652249813079834, -0.2612468898296356, 2.9117636680603027], [0.0, 0.0, 0.0, 1.0]], "intrinsics_ndc": [[4.0, 0.0, 0.0], [0.0, 4.0, 0.0], [0.0, 0.0, 1.0]]}, {"view_index": 54, "image_file": "view_0054.png", "camera_position_world": [-0.5391741991043091, -2.808614730834961, -0.5471232533454895], "extrinsics_world_to_camera": [[-0.712261974811554, 0.0, 0.7019136548042297, -0.0], [-0.67704838514328, 0.2638087570667267, -0.6870300769805908, 2.9802322387695312e-08], [0.1851709932088852, 0.9645749926567078, 0.18790096044540405, 2.911763906478882], [0.0, 0.0, 0.0, 1.0]], "intrinsics_ndc": [[4.0, 0.0, 0.0], [0.0, 4.0, 0.0], [0.0, 0.0, 1.0]]}, {"view_index": 55, "image_file": "view_0055.png", "camera_position_world": [0.7740246653556824, -2.8067219257354736, 0.03957640379667282], "extrinsics_world_to_camera": [[0.05106396600604057, 0.0, -0.9986953735351562, 3.725290298461914e-09], [0.9626674056053162, 0.26617398858070374, 0.04922183230519295, 3.550667315721512e-08], [-0.2658267319202423, 0.9639249444007874, -0.013591899536550045, 2.9117636680603027], [0.0, 0.0, 0.0, 1.0]], "intrinsics_ndc": [[4.0, 0.0, 0.0], [0.0, 4.0, 0.0], [0.0, 0.0, 1.0]]}, {"view_index": 56, "image_file": "view_0056.png", "camera_position_world": [-0.6027340292930603, -2.8048293590545654, 0.4980089068412781], "extrinsics_world_to_camera": [[0.6369560956954956, -0.0, 0.7709000706672668, 2.9802322387695312e-08], [-0.7425887584686279, 0.26851680874824524, 0.6135638952255249, 2.9802322387695312e-08], [0.20699962973594666, 0.9632750153541565, -0.17103341221809387, 2.911763906478882], [0.0, 0.0, 0.0, 1.0]], "intrinsics_ndc": [[4.0, 0.0, 0.0], [0.0, 4.0, 0.0], [0.0, 0.0, 1.0]]}, {"view_index": 57, "image_file": "view_0057.png", "camera_position_world": [0.108971007168293, -2.8029367923736572, -0.7810506224632263], "extrinsics_world_to_camera": [[-0.9904071688652039, 0.0, -0.13818012177944183, -0.0], [0.13301564753055573, 0.27083778381347656, -0.9533907175064087, -5.960464477539063e-08], [-0.037424396723508835, 0.9626250267028809, 0.26823967695236206, 2.911763906478882], [0.0, 0.0, 0.0, 1.0]], "intrinsics_ndc": [[4.0, 0.0, 0.0], [0.0, 4.0, 0.0], [0.0, 0.0, 1.0]]}, {"view_index": 58, "image_file": "view_0058.png", "camera_position_world": [0.45103785395622253, -2.80104398727417, 0.6550465226173401], "extrinsics_world_to_camera": [[0.823634684085846, 0.0, -0.5671207308769226, 2.9802322387695312e-08], [0.5455559492111206, 0.27313750982284546, 0.7923159599304199, -0.0], [-0.15490193665027618, 0.9619749784469604, -0.22496552765369415, 2.911763906478882], [0.0, 0.0, 0.0, 1.0]], "intrinsics_ndc": [[4.0, 0.0, 0.0], [0.0, 4.0, 0.0], [0.0, 0.0, 1.0]]}, {"view_index": 59, "image_file": "view_0059.png", "camera_position_world": [-0.781525731086731, -2.7991514205932617, -0.1798272430896759], "extrinsics_world_to_camera": [[-0.2242380827665329, 0.0, 0.9745343923568726, -0.0], [-0.9368442893028259, 0.2754164934158325, -0.21556566655635834, 1.4901161193847656e-08], [0.2684028446674347, 0.9613249897956848, 0.061758868396282196, 2.911763906478882], [0.0, 0.0, 0.0, 1.0]], "intrinsics_ndc": [[4.0, 0.0, 0.0], [0.0, 4.0, 0.0], [0.0, 0.0, 1.0]]}, {"view_index": 60, "image_file": "view_0060.png", "camera_position_world": [0.7034666538238525, -2.7972588539123535, -0.39855608344078064], "extrinsics_world_to_camera": [[-0.49294233322143555, 0.0, -0.870061993598938, -0.0], [0.8358467817306519, 0.27767524123191833, -0.47355738282203674, -0.0], [-0.24159467220306396, 0.9606750011444092, 0.1368778795003891, 2.911763906478882], [0.0, 0.0, 0.0, 1.0]], "intrinsics_ndc": [[4.0, 0.0, 0.0], [0.0, 4.0, 0.0], [0.0, 0.0, 1.0]]}, {"view_index": 61, "image_file": "view_0061.png", "camera_position_world": [-0.25150543451309204, -2.7953662872314453, 0.775269091129303], "extrinsics_world_to_camera": [[0.9511987566947937, -0.0, 0.30857884883880615, 1.4901161193847656e-08], [-0.29624342918395996, 0.2799142301082611, 0.9131746292114258, -1.1920928955078125e-07], [0.08637562394142151, 0.9600250720977783, -0.26625409722328186, 2.911764144897461], [0.0, 0.0, 0.0, 1.0]], "intrinsics_ndc": [[4.0, 0.0, 0.0], [0.0, 4.0, 0.0], [0.0, 0.0, 1.0]]}, {"view_index": 62, "image_file": "view_0062.png", "camera_position_world": [-0.3409167230129242, -2.793473482131958, -0.747429370880127], "extrinsics_world_to_camera": [[-0.9098263382911682, 0.0, 0.41498908400535583, 2.9802322387695312e-08], [-0.3981301486492157, 0.2821339964866638, -0.8728646636009216, -0.0], [0.11708254367113113, 0.9593750238418579, 0.2566929757595062, 2.911763906478882], [0.0, 0.0, 0.0, 1.0]], "intrinsics_ndc": [[4.0, 0.0, 0.0], [0.0, 4.0, 0.0], [0.0, 0.0, 1.0]]}, {"view_index": 63, "image_file": "view_0063.png", "camera_position_world": [0.7621623277664185, -2.7915806770324707, 0.32334816455841064], "extrinsics_world_to_camera": [[0.39055660367012024, 0.0, -0.9205789566040039, -2.9802322387695312e-08], [0.8825820684432983, 0.28433501720428467, 0.3744364082813263, 3.725290298461914e-08], [-0.26175281405448914, 0.9587250351905823, -0.11104890704154968, 2.911763906478882], [0.0, 0.0, 0.0, 1.0]], "intrinsics_ndc": [[4.0, 0.0, 0.0], [0.0, 4.0, 0.0], [0.0, 0.0, 1.0]]}, {"view_index": 64, "image_file": "view_0064.png", "camera_position_world": [-0.7864037156105042, -2.7896881103515625, 0.2785280644893646], "extrinsics_world_to_camera": [[0.33385786414146423, -0.0, 0.942623496055603, -2.9802322387695312e-08], [-0.9031040668487549, 0.28651756048202515, 0.31986087560653687, -0.0], [0.2700781524181366, 0.9580750465393066, -0.0956561341881752, 2.911763906478882], [0.0, 0.0, 0.0, 1.0]], "intrinsics_ndc": [[4.0, 0.0, 0.0], [0.0, 4.0, 0.0], [0.0, 0.0, 1.0]]}, {"view_index": 65, "image_file": "view_0065.png", "camera_position_world": [0.39468610286712646, -2.7877955436706543, -0.7421508431434631], "extrinsics_world_to_camera": [[-0.88290935754776, 0.0, -0.4695434272289276, -0.0], [0.44955262541770935, 0.28868213295936584, -0.8453195095062256, -0.0], [-0.13554880023002625, 0.9574249982833862, 0.2548801600933075, 2.911763906478882], [0.0, 0.0, 0.0, 1.0]], "intrinsics_ndc": [[4.0, 0.0, 0.0], [0.0, 4.0, 0.0], [0.0, 0.0, 1.0]]}, {"view_index": 66, "image_file": "view_0066.png", "camera_position_world": [0.21185041964054108, -2.785902976989746, 0.8198983669281006], "extrinsics_world_to_camera": [[0.9682019352912903, 0.0, -0.2501699924468994, -2.9802322387695312e-08], [0.2393563985824585, 0.2908291518688202, 0.9263514280319214, -0.0], [-0.07275673002004623, 0.9567750096321106, -0.2815813422203064, 2.911763906478882], [0.0, 0.0, 0.0, 1.0]], "intrinsics_ndc": [[4.0, 0.0, 0.0], [0.0, 4.0, 0.0], [0.0, 0.0, 1.0]]}, {"view_index": 67, "image_file": "view_0067.png", "camera_position_world": [-0.7152453064918518, -2.784010410308838, -0.46484413743019104], "extrinsics_world_to_camera": [[-0.5449345111846924, 0.0, 0.8384785652160645, -2.9802322387695312e-08], [-0.8016903400421143, 0.2929590344429016, -0.521025538444519, 5.960464477539063e-08], [0.2456398755311966, 0.956125020980835, 0.1596434861421585, 2.911764144897461], [0.0, 0.0, 0.0, 1.0]], "intrinsics_ndc": [[4.0, 0.0, 0.0], [0.0, 4.0, 0.0], [0.0, 0.0, 1.0]]}, {"view_index": 68, "image_file": "view_0068.png", "camera_position_world": [0.8474661707878113, -2.7821176052093506, -0.14139215648174286], "extrinsics_world_to_camera": [[-0.16456636786460876, 0.0, -0.9863660931587219, -0.0], [0.9424481391906738, 0.295072078704834, -0.15723904967308044, -7.450580596923828e-08], [-0.291049063205719, 0.9554749727249146, 0.04855893552303314, 2.9117636680603027], [0.0, 0.0, 0.0, 1.0]], "intrinsics_ndc": [[4.0, 0.0, 0.0], [0.0, 4.0, 0.0], [0.0, 0.0, 1.0]]}, {"view_index": 69, "image_file": "view_0069.png", "camera_position_world": [-0.5331476330757141, -2.7802250385284424, 0.6815216541290283], "extrinsics_world_to_camera": [[0.7876268029212952, -0.0, 0.6161525845527649, 2.9802322387695312e-08], [-0.5883179306983948, 0.29716867208480835, 0.7520458102226257, -5.960464477539063e-08], [0.18310125172138214, 0.9548250436782837, -0.23405800759792328, 2.911764144897461], [0.0, 0.0, 0.0, 1.0]], "intrinsics_ndc": [[4.0, 0.0, 0.0], [0.0, 4.0, 0.0], [0.0, 0.0, 1.0]]}, {"view_index": 70, "image_file": "view_0070.png", "camera_position_world": [-0.06770551204681396, -2.778332233428955, -0.8687085509300232], "extrinsics_world_to_camera": [[-0.9969765543937683, 0.0, 0.07770247757434845, -0.0], [-0.07414176315069199, 0.29924917221069336, -0.9512900710105896, -0.0], [0.02325240522623062, 0.9541749954223633, 0.2983444333076477, 2.9117636680603027], [0.0, 0.0, 0.0, 1.0]], "intrinsics_ndc": [[4.0, 0.0, 0.0], [0.0, 4.0, 0.0], [0.0, 0.0, 1.0]]}, {"view_index": 71, "image_file": "view_0071.png", "camera_position_world": [0.6411213278770447, -2.776439666748047, 0.5989283323287964], "extrinsics_world_to_camera": [[0.6826522350311279, 0.0, -0.730743408203125, 2.9802322387695312e-08], [0.696782112121582, 0.30131393671035767, 0.6509259939193726, 8.940696716308594e-08], [-0.22018314898014069, 0.9535250067710876, -0.2056926190853119, 2.911763906478882], [0.0, 0.0, 0.0, 1.0]], "intrinsics_ndc": [[4.0, 0.0, 0.0], [0.0, 4.0, 0.0], [0.0, 0.0, 1.0]]}, {"view_index": 72, "image_file": "view_0072.png", "camera_position_world": [-0.8832800388336182, -2.7745471000671387, -0.008618076331913471], "extrinsics_world_to_camera": [[-0.009756437502801418, 0.0, 0.9999523758888245, -9.313225746154785e-10], [-0.9528296589851379, 0.30336320400238037, -0.009296665899455547, -7.033668225631118e-08], [0.3033487796783447, 0.952875018119812, 0.002959744306281209, 2.911764144897461], [0.0, 0.0, 0.0, 1.0]], "intrinsics_ndc": [[4.0, 0.0, 0.0], [0.0, 4.0, 0.0], [0.0, 0.0, 1.0]]}, {"view_index": 73, "image_file": "view_0073.png", "camera_position_world": [0.6615308523178101, -2.7726545333862305, -0.594250500202179], "extrinsics_world_to_camera": [[-0.6682640314102173, 0.0, -0.7439241409301758, -0.0], [0.7083832025527954, 0.3053973317146301, -0.6363377571105957, -8.940696716308594e-08], [-0.2271924763917923, 0.9522250294685364, 0.2040860801935196, 2.911764144897461], [0.0, 0.0, 0.0, 1.0]], "intrinsics_ndc": [[4.0, 0.0, 0.0], [0.0, 4.0, 0.0], [0.0, 0.0, 1.0]]}, {"view_index": 74, "image_file": "view_0074.png", "camera_position_world": [-0.08695299923419952, -2.770761728286743, 0.890891432762146], "extrinsics_world_to_camera": [[0.9952706694602966, -0.0, 0.09714064747095108, -0.0], [-0.09243661165237427, 0.3074166774749756, 0.9470746517181396, 5.960464477539063e-08], [0.029862655326724052, 0.951574981212616, -0.30596280097961426, 2.911763906478882], [0.0, 0.0, 0.0, 1.0]], "intrinsics_ndc": [[4.0, 0.0, 0.0], [0.0, 4.0, 0.0], [0.0, 0.0, 1.0]]}, {"view_index": 75, "image_file": "view_0075.png", "camera_position_world": [-0.5411784648895264, -2.768869161605835, -0.720318615436554], "extrinsics_world_to_camera": [[-0.7994992136955261, 0.0, 0.6006671786308289, -0.0], [-0.5711894631385803, 0.30942147970199585, -0.7602638602256775, -1.1920928955078125e-07], [0.1858593225479126, 0.9509250521659851, 0.24738222360610962, 2.911764144897461], [0.0, 0.0, 0.0, 1.0]], "intrinsics_ndc": [[4.0, 0.0, 0.0], [0.0, 4.0, 0.0], [0.0, 0.0, 1.0]]}, {"view_index": 76, "image_file": "view_0076.png", "camera_position_world": [0.8913135528564453, -2.7669763565063477, 0.166644886136055], "extrinsics_world_to_camera": [[0.1837809681892395, 0.0, -0.98296719789505, -1.4901161193847656e-08], [0.9340891242027283, 0.31141194701194763, 0.1746424436569214, -1.0989606380462646e-07], [-0.306107759475708, 0.9502749443054199, -0.0572315938770771, 2.9117636680603027], [0.0, 0.0, 0.0, 1.0]], "intrinsics_ndc": [[4.0, 0.0, 0.0], [0.0, 4.0, 0.0], [0.0, 0.0, 1.0]]}, {"view_index": 77, "image_file": "view_0077.png", "camera_position_world": [-0.7746797800064087, -2.7650837898254395, 0.4822363555431366], "extrinsics_world_to_camera": [[0.5284704566001892, -0.0, 0.8489516377449036, 2.9802322387695312e-08], [-0.8061857223510742, 0.31338849663734436, 0.5018487572669983, -7.450580596923828e-08], [0.266051709651947, 0.9496250152587891, -0.16561657190322876, 2.911764144897461], [0.0, 0.0, 0.0, 1.0]], "intrinsics_ndc": [[4.0, 0.0, 0.0], [0.0, 4.0, 0.0], [0.0, 0.0, 1.0]]}, {"view_index": 78, "image_file": "view_0078.png", "camera_position_world": [0.24701623618602753, -2.7631912231445312, -0.8843792080879211], "extrinsics_world_to_camera": [[-0.9631362557411194, 0.0, -0.2690138816833496, -0.0], [0.2552874684333801, 0.315351277589798, -0.9139922261238098, -0.0], [-0.08483388274908066, 0.9489750266075134, 0.30372628569602966, 2.911764144897461], [0.0, 0.0, 0.0, 1.0]], "intrinsics_ndc": [[4.0, 0.0, 0.0], [0.0, 4.0, 0.0], [0.0, 0.0, 1.0]]}, {"view_index": 79, "image_file": "view_0079.png", "camera_position_world": [0.41781434416770935, -2.761298418045044, 0.824033260345459], "extrinsics_world_to_camera": [[0.8919029831886292, 0.0, -0.4522267282009125, 2.9802322387695312e-08], [0.4288578927516937, 0.31730061769485474, 0.8458138704299927, -5.960464477539063e-08], [-0.14349183440208435, 0.948324978351593, -0.2830013930797577, 2.9117636680603027], [0.0, 0.0, 0.0, 1.0]], "intrinsics_ndc": [[4.0, 0.0, 0.0], [0.0, 4.0, 0.0], [0.0, 0.0, 1.0]]}, {"view_index": 80, "image_file": "view_0080.png", "camera_position_world": [-0.8699859976768494, -2.7594058513641357, -0.32737237215042114], "extrinsics_world_to_camera": [[-0