{"num_views": 1000, "image_width": 768, "image_height": 768, "camera_matrix_convention": "ndc", "views": [{"view_index": 0, "image_file": "view_0000.png", "camera_position_world": [0.06364600360393524, -2.495793104171753, 0.0], "extrinsics_world_to_camera": [[0.0, 0.0, -1.0, -0.0], [0.9996750354766846, 0.02549302577972412, 0.0, -0.0], [-0.02549302577972412, 0.9996750354766846, 0.0, 2.4966044425964355], [0.0, 0.0, 0.0, 1.0]], "intrinsics_ndc": [[2.0, 0.0, 0.0], [0.0, 2.0, 0.0], [0.0, 0.0, 1.0]]}, {"view_index": 1, "image_file": "view_0001.png", "camera_position_world": [-0.08127293735742569, -2.4941701889038086, 0.07445266842842102], "extrinsics_world_to_camera": [[0.0, -0.029837384819984436, -0.9995547533035278, 7.450580596923828e-09], [0.9994699358940125, -0.032538894563913345, 0.0009713080362416804, -1.1423253454267979e-09], [0.03255338966846466, 0.9990249872207642, -0.029821570962667465, 2.4966044425964355], [0.0, 0.0, 0.0, 1.0]], "intrinsics_ndc": [[2.0, 0.0, 0.0], [0.0, 2.0, 0.0], [0.0, 0.0, 1.0]]}, {"view_index": 2, "image_file": "view_0002.png", "camera_position_world": [0.012438103556632996, -2.4925475120544434, -0.14172577857971191], "extrinsics_world_to_camera": [[0.0, 0.05676812306046486, -0.9983874559402466, -0.0], [0.9999876618385315, 0.004973974544554949, 0.00028281923732720315, 5.165929906070232e-10], [-0.004982008133083582, 0.9983749985694885, 0.05676741525530815, 2.4966044425964355], [0.0, 0.0, 0.0, 1.0]], "intrinsics_ndc": [[2.0, 0.0, 0.0], [0.0, 2.0, 0.0], [0.0, 0.0, 1.0]]}, {"view_index": 3, "image_file": "view_0003.png", "camera_position_world": [0.10240595787763596, -2.490924596786499, 0.13357044756412506], "extrinsics_world_to_camera": [[0.0, -0.053545910865068436, -0.9985653758049011, -1.4901161193847656e-08], [0.9991583824157715, 0.040959250181913376, -0.0021963512990623713, 1.0186340659856796e-09], [-0.04101809486746788, 0.9977249503135681, -0.05350084602832794, 2.4966042041778564], [0.0, 0.0, 0.0, 1.0]], "intrinsics_ndc": [[2.0, 0.0, 0.0], [0.0, 2.0, 0.0], [0.0, 0.0, 1.0]]}, {"view_index": 4, "image_file": "view_0004.png", "camera_position_world": [-0.1878969520330429, -2.489301919937134, -0.03323632478713989], "extrinsics_world_to_camera": [[0.0, 0.013350475579500198, -0.9999108910560608, -0.0], [0.9971638917922974, -0.07525429874658585, -0.00100477016530931, -1.3642420526593924e-09], [0.07526100426912308, 0.9970750212669373, 0.013312611728906631, 2.4966046810150146], [0.0, 0.0, 0.0, 1.0]], "intrinsics_ndc": [[2.0, 0.0, 0.0], [0.0, 2.0, 0.0], [0.0, 0.0, 1.0]]}, {"view_index": 5, "image_file": "view_0005.png", "camera_position_world": [0.17796343564987183, -2.4876790046691895, -0.11320576816797256], "extrinsics_world_to_camera": [[0.0, 0.04545953869819641, -0.9989662170410156, 7.450580596923828e-09], [0.9974561929702759, 0.07120849937200546, 0.0032404556404799223, -1.3416865840554237e-08], [-0.07128219306468964, 0.9964249730110168, 0.04534389451146126, 2.4966042041778564], [0.0, 0.0, 0.0, 1.0]], "intrinsics_ndc": [[2.0, 0.0, 0.0], [0.0, 2.0, 0.0], [0.0, 0.0, 1.0]]}, {"view_index": 6, "image_file": "view_0006.png", "camera_position_world": [-0.05951559171080589, -2.486056327819824, 0.22139504551887512], "extrinsics_world_to_camera": [[0.0, -0.08870366960763931, -0.9960580468177795, -0.0], [0.9997158050537109, -0.023744644597172737, 0.002114572562277317, -2.3865140974521637e-09], [0.02383861504495144, 0.995775043964386, -0.08867846429347992, 2.4966046810150146], [0.0, 0.0, 0.0, 1.0]], "intrinsics_ndc": [[2.0, 0.0, 0.0], [0.0, 2.0, 0.0], [0.0, 0.0, 1.0]]}, {"view_index": 7, "image_file": "view_0007.png", "camera_position_world": [-0.1134842112660408, -2.48443341255188, -0.21850694715976715], "extrinsics_world_to_camera": [[0.0, 0.08761220425367355, -0.9961546063423157, -1.4901161193847656e-08], [0.9989663362503052, -0.04528062790632248, -0.003982449881732464, 1.2514647096395493e-08], [0.04545542225241661, 0.9951249957084656, 0.08752164989709854, 2.4966042041778564], [0.0, 0.0, 0.0, 1.0]], "intrinsics_ndc": [[2.0, 0.0, 0.0], [0.0, 2.0, 0.0], [0.0, 0.0, 1.0]]}, {"view_index": 8, "image_file": "view_0008.png", "camera_position_world": [0.24617522954940796, -2.4828107357025146, 0.08990280330181122], "extrinsics_world_to_camera": [[0.0, -0.036186378449201584, -0.999345064163208, -7.450580596923828e-09], [0.9951267838478088, 0.09853943437337875, -0.003568122163414955, -2.2904714569449425e-08], [-0.09860401600599289, 0.9944750070571899, -0.036010030657052994, 2.4966046810150146], [0.0, 0.0, 0.0, 1.0]], "intrinsics_ndc": [[2.0, 0.0, 0.0], [0.0, 2.0, 0.0], [0.0, 0.0, 1.0]]}, {"view_index": 9, "image_file": "view_0009.png", "camera_position_world": [-0.2560625672340393, -2.4811880588531494, 0.10569889843463898], "extrinsics_world_to_camera": [[0.0, -0.04256151244044304, -0.9990938305854797, -0.0], [0.994726300239563, -0.10247138142585754, 0.004365292377769947, -7.043126970529556e-09], [0.10256431996822357, 0.9938249588012695, -0.04233705997467041, 2.4966044425964355], [0.0, 0.0, 0.0, 1.0]], "intrinsics_ndc": [[2.0, 0.0, 0.0], [0.0, 2.0, 0.0], [0.0, 0.0, 1.0]]}, {"view_index": 10, "image_file": "view_0010.png", "camera_position_world": [0.12341895699501038, -2.479565143585205, -0.26373913884162903], "extrinsics_world_to_camera": [[0.0, 0.10576845705509186, -0.9943908452987671, -0.0], [0.998777449131012, 0.049157436937093735, 0.005228634458035231, -2.561137080192566e-09], [-0.04943472519516945, 0.9931750297546387, 0.10563913732767105, 2.4966044425964355], [0.0, 0.0, 0.0, 1.0]], "intrinsics_ndc": [[2.0, 0.0, 0.0], [0.0, 2.0, 0.0], [0.0, 0.0, 1.0]]}, {"view_index": 11, "image_file": "view_0011.png", "camera_position_world": [0.09118859469890594, -2.4779422283172607, 0.29072362184524536], "extrinsics_world_to_camera": [[0.0, -0.11652536690235138, -0.9931877255439758, -0.0], [0.9993327260017395, 0.03627622872591019, -0.004256094805896282, -4.656612873077393e-10], [-0.036525048315525055, 0.9925249814987183, -0.11644761264324188, 2.4966042041778564], [0.0, 0.0, 0.0, 1.0]], "intrinsics_ndc": [[2.0, 0.0, 0.0], [0.0, 2.0, 0.0], [0.0, 0.0, 1.0]]}, {"view_index": 12, "image_file": "view_0012.png", "camera_position_world": [-0.2747986614704132, -2.4763195514678955, -0.15925143659114838], "extrinsics_world_to_camera": [[0.0, 0.06417715549468994, -0.9979385137557983, -0.0], [0.9939239621162415, -0.10984205454587936, -0.007063912693411112, 1.0011717677116394e-08], [0.11006896197795868, 0.9918749928474426, 0.06378721445798874, 2.4966044425964355], [0.0, 0.0, 0.0, 1.0]], "intrinsics_ndc": [[2.0, 0.0, 0.0], [0.0, 2.0, 0.0], [0.0, 0.0, 1.0]]}, {"view_index": 13, "image_file": "view_0013.png", "camera_position_world": [0.322317510843277, -2.474696636199951, -0.0708605945110321], "extrinsics_world_to_camera": [[0.0, 0.028622321784496307, -0.999590277671814, 7.450580596923828e-09], [0.9916311502456665, 0.12904945015907288, 0.0036952090449631214, 1.5133991837501526e-09], [-0.12910234928131104, 0.9912249445915222, 0.028382787480950356, 2.4966042041778564], [0.0, 0.0, 0.0, 1.0]], "intrinsics_ndc": [[2.0, 0.0, 0.0], [0.0, 2.0, 0.0], [0.0, 0.0, 1.0]]}, {"view_index": 14, "image_file": "view_0014.png", "camera_position_world": [-0.19667324423789978, -2.473073959350586, 0.27974745631217957], "extrinsics_world_to_camera": [[0.0, -0.11240047961473465, -0.9936630129814148, -0.0], [0.9968923330307007, -0.078277088701725, 0.008854493498802185, -2.0954757928848267e-09], [0.0787762925028801, 0.9905750155448914, -0.11205117404460907, 2.4966044425964355], [0.0, 0.0, 0.0, 1.0]], "intrinsics_ndc": [[2.0, 0.0, 0.0], [0.0, 2.0, 0.0], [0.0, 0.0, 1.0]]}, {"view_index": 15, "image_file": "view_0015.png", "camera_position_world": [-0.04542865604162216, -2.4714512825012207, -0.35056978464126587], "extrinsics_world_to_camera": [[0.0, 0.1404418796300888, -0.9900888800621033, -0.0], [0.999834418296814, -0.01801583170890808, -0.002555505372583866, 9.313225746154785e-10], [0.01819617673754692, 0.9899250268936157, 0.1404186338186264, 2.4966046810150146], [0.0, 0.0, 0.0, 1.0]], "intrinsics_ndc": [[2.0, 0.0, 0.0], [0.0, 2.0, 0.0], [0.0, 0.0, 1.0]]}, {"view_index": 16, "image_file": "view_0016.png", "camera_position_world": [0.2788418233394623, -2.4698283672332764, 0.23500819504261017], "extrinsics_world_to_camera": [[0.0, -0.09472379088401794, -0.9955036044120789, -0.0], [0.9937432408332825, 0.11118622869253159, -0.010579551570117474, 2.2584572434425354e-08], [-0.11168842762708664, 0.9892749786376953, -0.09413112699985504, 2.4966044425964355], [0.0, 0.0, 0.0, 1.0]], "intrinsics_ndc": [[2.0, 0.0, 0.0], [0.0, 2.0, 0.0], [0.0, 0.0, 1.0]]}, {"view_index": 17, "image_file": "view_0017.png", "camera_position_world": [-0.37517237663269043, -2.468205451965332, 0.0155145563185215], "extrinsics_world_to_camera": [[0.0, -0.006285639479756355, -0.9999802112579346, -9.313225746154785e-10], [0.9886444211006165, -0.15027007460594177, 0.0009445622563362122, 8.278220775537193e-09], [0.15027305483818054, 0.9886249303817749, -0.006214262917637825, 2.4966042041778564], [0.0, 0.0, 0.0, 1.0]], "intrinsics_ndc": [[2.0, 0.0, 0.0], [0.0, 2.0, 0.0], [0.0, 0.0, 1.0]]}, {"view_index": 18, "image_file": "view_0018.png", "camera_position_world": [0.2736147344112396, -2.466582775115967, -0.2722831964492798], "extrinsics_world_to_camera": [[0.0, 0.1097223311662674, -0.993962287902832, -2.9802322387695312e-08], [0.993976354598999, 0.10893304646015167, 0.01202499121427536, 6.984919309616089e-10], [-0.10959474742412567, 0.987975001335144, 0.10906140506267548, 2.4966042041778564], [0.0, 0.0, 0.0, 1.0]], "intrinsics_ndc": [[2.0, 0.0, 0.0], [0.0, 2.0, 0.0], [0.0, 0.0, 1.0]]}, {"view_index": 19, "image_file": "view_0019.png", "camera_position_world": [-0.01830289326608181, -2.4649600982666016, 0.39581695199012756], "extrinsics_world_to_camera": [[0.0, -0.15854637324810028, -0.9873515367507935, -0.0], [0.9999731183052063, -0.007238386664539576, 0.0011623215395957232, 1.1932570487260818e-09], [0.007331113796681166, 0.9873249530792236, -0.15854209661483765, 2.4966044425964355], [0.0, 0.0, 0.0, 1.0]], "intrinsics_ndc": [[2.0, 0.0, 0.0], [0.0, 2.0, 0.0], [0.0, 0.0, 1.0]]}, {"view_index": 20, "image_file": "view_0020.png", "camera_position_world": [-0.26026013493537903, -2.4633371829986572, -0.31187865138053894], "extrinsics_world_to_camera": [[0.0, 0.1256054788827896, -0.9920802712440491, -2.9802322387695312e-08], [0.9945516586303711, -0.10342004150152206, -0.013093823567032814, 8.847564458847046e-09], [0.1042456403374672, 0.9866750240325928, 0.12492112815380096, 2.4966046810150146], [0.0, 0.0, 0.0, 1.0]], "intrinsics_ndc": [[2.0, 0.0, 0.0], [0.0, 2.0, 0.0], [0.0, 0.0, 1.0]]}, {"view_index": 21, "image_file": "view_0021.png", "camera_position_world": [0.41221338510513306, -2.461714267730713, 0.05546272546052933], "extrinsics_world_to_camera": [[0.0, -0.022524407133460045, -0.9997463226318359, -0.0], [0.9862751960754395, 0.16506771743297577, -0.0037189959548413754, 3.7834979593753815e-09], [-0.16510960459709167, 0.9860249757766724, -0.022215263918042183, 2.4966042041778564], [0.0, 0.0, 0.0, 1.0]], "intrinsics_ndc": [[2.0, 0.0, 0.0], [0.0, 2.0, 0.0], [0.0, 0.0, 1.0]]}, {"view_index": 22, "image_file": "view_0022.png", "camera_position_world": [-0.3492104113101959, -2.4600915908813477, 0.2429714947938919], "extrinsics_world_to_camera": [[0.0, -0.09828700870275497, -0.9951580762863159, -0.0], [0.9901692271232605, -0.13919688761234283, 0.013747811317443848, -2.2351741790771484e-08], [0.1398741453886032, 0.9853749871253967, -0.09732078015804291, 2.4966044425964355], [0.0, 0.0, 0.0, 1.0]], "intrinsics_ndc": [[2.0, 0.0, 0.0], [0.0, 2.0, 0.0], [0.0, 0.0, 1.0]]}, {"view_index": 23, "image_file": "view_0023.png", "camera_position_world": [0.09540874511003494, -2.4584689140319824, -0.42410144209861755], "extrinsics_world_to_camera": [[0.0, 0.16999545693397522, -0.9854448437690735, -2.9802322387695312e-08], [0.9992696046829224, 0.0376591719686985, 0.006496444810181856, -6.05359673500061e-09], [-0.03821540251374245, 0.9847250580787659, 0.16987130045890808, 2.4966046810150146], [0.0, 0.0, 0.0, 1.0]], "intrinsics_ndc": [[2.0, 0.0, 0.0], [0.0, 2.0, 0.0], [0.0, 0.0, 1.0]]}, {"view_index": 24, "image_file": "view_0024.png", "camera_position_world": [0.22063931822776794, -2.456845998764038, 0.38504505157470703], "extrinsics_world_to_camera": [[0.0, -0.15483331680297852, -0.9879405498504639, -0.0], [0.9960871338844299, 0.08731000125408173, -0.013683512806892395, 1.3969838619232178e-09], [-0.0883757621049881, 0.9840750098228455, -0.15422749519348145, 2.4966044425964355], [0.0, 0.0, 0.0, 1.0]], "intrinsics_ndc": [[2.0, 0.0, 0.0], [0.0, 2.0, 0.0], [0.0, 0.0, 1.0]]}, {"view_index": 25, "image_file": "view_0025.png", "camera_position_world": [-0.43125808238983154, -2.455223321914673, -0.13758310675621033], "extrinsics_world_to_camera": [[0.0, 0.0559491291642189, -0.9984336495399475, -0.0], [0.9849678874015808, -0.17246727645397186, -0.009664532728493214, 1.3737007975578308e-08], [0.17273785173892975, 0.9834250211715698, 0.05510809272527695, 2.4966046810150146], [0.0, 0.0, 0.0, 1.0]], "intrinsics_ndc": [[2.0, 0.0, 0.0], [0.0, 2.0, 0.0], [0.0, 0.0, 1.0]]}, {"view_index": 26, "image_file": "view_0026.png", "camera_position_world": [0.41884371638298035, -2.4536004066467285, -0.19351641833782196], "extrinsics_world_to_camera": [[0.0, 0.07862622290849686, -0.996904194355011, -0.0], [0.9858269691467285, 0.1672459840774536, 0.013190755620598793, 2.9103830456733704e-08], [-0.16776534914970398, 0.9827749729156494, 0.07751184701919556, 2.4966044425964355], [0.0, 0.0, 0.0, 1.0]], "intrinsics_ndc": [[2.0, 0.0, 0.0], [0.0, 2.0, 0.0], [0.0, 0.0, 1.0]]}, {"view_index": 27, "image_file": "view_0027.png", "camera_position_world": [-0.18142381310462952, -2.451977491378784, 0.4335029423236847], "extrinsics_world_to_camera": [[0.0, -0.17409731447696686, -0.9847284555435181, -0.0], [0.997356116771698, -0.07155846804380417, 0.012651342898607254, -6.984919309616089e-09], [0.07266822457313538, 0.982124924659729, -0.1736370176076889, 2.4966042041778564], [0.0, 0.0, 0.0, 1.0]], "intrinsics_ndc": [[2.0, 0.0, 0.0], [0.0, 2.0, 0.0], [0.0, 0.0, 1.0]]}, {"view_index": 28, "image_file": "view_0028.png", "camera_position_world": [-0.1618902087211609, -2.450354814529419, -0.4500960409641266], "extrinsics_world_to_camera": [[0.0, 0.18066349625587463, -0.9835449457168579, -2.9802322387695312e-08], [0.997895359992981, -0.0637771412730217, -0.011714971624314785, 2.7939677238464355e-09], [0.06484415382146835, 0.9814749956130981, 0.18028327822685242, 2.4966044425964355], [0.0, 0.0, 0.0, 1.0]], "intrinsics_ndc": [[2.0, 0.0, 0.0], [0.0, 2.0, 0.0], [0.0, 0.0, 1.0]]}, {"view_index": 29, "image_file": "view_0029.png", "camera_position_world": [0.4307017922401428, -2.4487321376800537, 0.22636480629444122], "extrinsics_world_to_camera": [[0.0, -0.09204918146133423, -0.9957544803619385, -1.4901161193847656e-08], [0.9850069284439087, 0.17178261280059814, -0.01587986759841442, 6.28642737865448e-09], [-0.17251503467559814, 0.9808250069618225, -0.09066907316446304, 2.4966044425964355], [0.0, 0.0, 0.0, 1.0]], "intrinsics_ndc": [[2.0, 0.0, 0.0], [0.0, 2.0, 0.0], [0.0, 0.0, 1.0]]}, {"view_index": 30, "image_file": "view_0030.png", "camera_position_world": [-0.478322833776474, -2.4471092224121094, 0.1260843724012375], "extrinsics_world_to_camera": [[0.0, -0.0514555498957634, -0.9986752867698669, -0.0], [0.9814751744270325, -0.1913355588912964, 0.009858335368335247, -1.6530975699424744e-08], [0.19158935546875, 0.9801749587059021, -0.050502341240644455, 2.4966042041778564], [0.0, 0.0, 0.0, 1.0]], "intrinsics_ndc": [[2.0, 0.0, 0.0], [0.0, 2.0, 0.0], [0.0, 0.0, 1.0]]}, {"view_index": 31, "image_file": "view_0031.png", "camera_position_world": [0.27183738350868225, -2.445486545562744, -0.42276960611343384], "extrinsics_world_to_camera": [[-0.8411269187927246, 0.0, -0.5408377051353455, -1.4901161193847656e-08], [0.5297640562057495, 0.2013225555419922, -0.8239048719406128, -2.9802322387695312e-08], [-0.108882836997509, 0.9795250296592712, 0.16933783888816833, 2.4966046810150146], [0.0, 0.0, 0.0, 1.0]], "intrinsics_ndc": [[2.0, 0.0, 0.0], [0.0, 2.0, 0.0], [0.0, 0.0, 1.0]]}, {"view_index": 32, "image_file": "view_0032.png", "camera_position_world": [0.08645887672901154, -2.4438636302948, 0.5030794739723206], "extrinsics_world_to_camera": [[0.9855514764785767, 0.0, -0.1693761646747589, -0.0], [0.16579808294773102, 0.20445960760116577, 0.9647316932678223, -2.9802322387695312e-08], [-0.034630585461854935, 0.9788749814033508, -0.20150548219680786, 2.4966042041778564], [0.0, 0.0, 0.0, 1.0]], "intrinsics_ndc": [[2.0, 0.0, 0.0], [0.0, 2.0, 0.0], [0.0, 0.0, 1.0]]}, {"view_index": 33, "image_file": "view_0033.png", "camera_position_world": [-0.40967193245887756, -2.4422409534454346, -0.31727299094200134], "extrinsics_world_to_camera": [[-0.6123030185699463, 0.0, 0.790623128414154, 2.9802322387695312e-08], [-0.7734073400497437, 0.20754721760749817, -0.5989701747894287, 1.4901161193847656e-08], [0.16409164667129517, 0.97822505235672, 0.12708179652690887, 2.4966046810150146], [0.0, 0.0, 0.0, 1.0]], "intrinsics_ndc": [[2.0, 0.0, 0.0], [0.0, 2.0, 0.0], [0.0, 0.0, 1.0]]}, {"view_index": 34, "image_file": "view_0034.png", "camera_position_world": [0.5239587426185608, -2.4406180381774902, -0.04340891167521477], "extrinsics_world_to_camera": [[-0.08256508409976959, 0.0, -0.9965856671333313, -3.725290298461914e-09], [0.9742372632026672, 0.21058756113052368, -0.08071356266736984, -7.683411240577698e-09], [-0.20986855030059814, 0.9775750041007996, 0.017387179657816887, 2.4966044425964355], [0.0, 0.0, 0.0, 1.0]], "intrinsics_ndc": [[2.0, 0.0, 0.0], [0.0, 2.0, 0.0], [0.0, 0.0, 1.0]]}, {"view_index": 35, "image_file": "view_0035.png", "camera_position_world": [-0.36210641264915466, -2.438995361328125, 0.3914264440536499], "extrinsics_world_to_camera": [[0.7340648770332336, -0.0, 0.6790792942047119, -0.0], [-0.6634095311164856, 0.21358263492584229, 0.7171263694763184, -0.0], [0.14503955841064453, 0.9769250154495239, -0.15678352117538452, 2.4966044425964355], [0.0, 0.0, 0.0, 1.0]], "intrinsics_ndc": [[2.0, 0.0, 0.0], [0.0, 2.0, 0.0], [0.0, 0.0, 1.0]]}, {"view_index": 36, "image_file": "view_0036.png", "camera_position_world": [0.002637199591845274, -2.4373726844787598, -0.5405941605567932], "extrinsics_world_to_camera": [[-0.9999880790710449, 0.0, -0.00487827742472291, -2.3283064365386963e-10], [0.004762540105730295, 0.2165343165397644, -0.9762633442878723, -0.0], [-0.0010563144460320473, 0.9762749671936035, 0.21653173863887787, 2.4966046810150146], [0.0, 0.0, 0.0, 1.0]], "intrinsics_ndc": [[2.0, 0.0, 0.0], [0.0, 2.0, 0.0], [0.0, 0.0, 1.0]]}, {"view_index": 37, "image_file": "view_0037.png", "camera_position_world": [0.3681029975414276, -2.4357497692108154, 0.4057798385620117], "extrinsics_world_to_camera": [[0.7406553030014038, 0.0, -0.6718851327896118, -0.0], [0.6555079817771912, 0.2194444239139557, 0.7226018309593201, -0.0], [-0.14744146168231964, 0.9756250381469727, -0.16253268718719482, 2.4966046810150146], [0.0, 0.0, 0.0, 1.0]], "intrinsics_ndc": [[2.0, 0.0, 0.0], [0.0, 2.0, 0.0], [0.0, 0.0, 1.0]]}, {"view_index": 38, "image_file": "view_0038.png", "camera_position_world": [-0.5526629090309143, -2.434126853942871, -0.05122067779302597], "extrinsics_world_to_camera": [[-0.09228429198265076, 0.0, 0.9957327246665955, -0.0], [-0.9708145260810852, 0.2223145067691803, -0.08997488021850586, -6.239861249923706e-08], [0.221365824341774, 0.9749749898910522, 0.020516136661171913, 2.4966044425964355], [0.0, 0.0, 0.0, 1.0]], "intrinsics_ndc": [[2.0, 0.0, 0.0], [0.0, 2.0, 0.0], [0.0, 0.0, 1.0]]}, {"view_index": 39, "image_file": "view_0039.png", "camera_position_world": [0.44774678349494934, -2.432504177093506, -0.3398238718509674], "extrinsics_world_to_camera": [[-0.6045602560043335, 0.0, -0.7965594530105591, -0.0], [0.7761077880859375, 0.22514617443084717, -0.5890381932258606, -0.0], [-0.17934229969978333, 0.9743250012397766, 0.13611441850662231, 2.4966044425964355], [0.0, 0.0, 0.0, 1.0]], "intrinsics_ndc": [[2.0, 0.0, 0.0], [0.0, 2.0, 0.0], [0.0, 0.0, 1.0]]}, {"view_index": 40, "image_file": "view_0040.png", "camera_position_world": [-0.10185560584068298, -2.4308812618255615, 0.5598885416984558], "extrinsics_world_to_camera": [[0.9838520884513855, -0.0, 0.17898356914520264, -0.0], [-0.174271821975708, 0.22794079780578613, 0.9579521417617798, -0.0], [0.040797654539346695, 0.9736749529838562, -0.22426001727581024, 2.4966042041778564], [0.0, 0.0, 0.0, 1.0]], "intrinsics_ndc": [[2.0, 0.0, 0.0], [0.0, 2.0, 0.0], [0.0, 0.0, 1.0]]}, {"view_index": 41, "image_file": "view_0041.png", "camera_position_world": [-0.3067626655101776, -2.4292585849761963, -0.48747652769088745], "extrinsics_world_to_camera": [[-0.8463635444641113, 0.0, 0.5326055884361267, -0.0], [-0.5182385444641113, 0.23069968819618225, -0.8235328793525696, -0.0], [0.12287195026874542, 0.9730250239372253, 0.1952558159828186, 2.4966046810150146], [0.0, 0.0, 0.0, 1.0]], "intrinsics_ndc": [[2.0, 0.0, 0.0], [0.0, 2.0, 0.0], [0.0, 0.0, 1.0]]}, {"view_index": 42, "image_file": "view_0042.png", "camera_position_world": [0.5620430111885071, -2.427635669708252, 0.15403269231319427], "extrinsics_world_to_camera": [[0.2643122375011444, 0.0, -0.9644371271133423, -0.0], [0.9377945065498352, 0.23342418670654297, 0.2570106089115143, -3.725290298461914e-09], [-0.22512297332286835, 0.9723749756813049, -0.06169687584042549, 2.4966042041778564], [0.0, 0.0, 0.0, 1.0]], "intrinsics_ndc": [[2.0, 0.0, 0.0], [0.0, 2.0, 0.0], [0.0, 0.0, 1.0]]}, {"view_index": 43, "image_file": "view_0043.png", "camera_position_world": [-0.5244584679603577, -2.4260129928588867, 0.2691434323787689], "extrinsics_world_to_camera": [[0.4565722942352295, -0.0, 0.8896862864494324, -1.4901161193847656e-08], [-0.8645303845405579, 0.2361154705286026, 0.44366270303726196, -0.0], [0.2100687026977539, 0.9717249870300293, -0.10780379176139832, 2.4966042041778564], [0.0, 0.0, 0.0, 1.0]], "intrinsics_ndc": [[2.0, 0.0, 0.0], [0.0, 2.0, 0.0], [0.0, 0.0, 1.0]]}, {"view_index": 44, "image_file": "view_0044.png", "camera_position_world": [0.20722338557243347, -2.4243900775909424, -0.5589495301246643], "extrinsics_world_to_camera": [[-0.93763667345047, 0.0, -0.3476167917251587, -0.0], [0.3375619649887085, 0.23877467215061188, -0.9105154871940613, -0.0], [-0.08300209045410156, 0.9710749387741089, 0.22388389706611633, 2.4966042041778564], [0.0, 0.0, 0.0, 1.0]], "intrinsics_ndc": [[2.0, 0.0, 0.0], [0.0, 2.0, 0.0], [0.0, 0.0, 1.0]]}, {"view_index": 45, "image_file": "view_0045.png", "camera_position_world": [0.22723884880542755, -2.422767400741577, 0.5582064986228943], "extrinsics_world_to_camera": [[0.9261959195137024, 0.0, -0.3770427107810974, -0.0], [0.3658916652202606, 0.24140280485153198, 0.8988037109375, -0.0], [-0.0910191610455513, 0.970425009727478, -0.2235862761735916, 2.4966044425964355], [0.0, 0.0, 0.0, 1.0]], "intrinsics_ndc": [[2.0, 0.0, 0.0], [0.0, 2.0, 0.0], [0.0, 0.0, 1.0]]}, {"view_index": 46, "image_file": "view_0046.png", "camera_position_world": [-0.5504834651947021, -2.421144723892212, -0.2608843743801117], "extrinsics_world_to_camera": [[-0.42825934290885925, 0.0, 0.9036558866500854, 1.4901161193847656e-08], [-0.8763428330421448, 0.2440008968114853, -0.415315181016922, -7.450580596923828e-09], [0.22049283981323242, 0.9697749614715576, 0.10449566692113876, 2.4966044425964355], [0.0, 0.0, 0.0, 1.0]], "intrinsics_ndc": [[2.0, 0.0, 0.0], [0.0, 2.0, 0.0], [0.0, 0.0, 1.0]]}, {"view_index": 47, "image_file": "view_0047.png", "camera_position_world": [0.5882633328437805, -2.4195218086242676, -0.1813678741455078], "extrinsics_world_to_camera": [[-0.2946256399154663, 0.0, -0.9556127786636353, -0.0], [0.9261082410812378, 0.2465699464082718, -0.28552907705307007, 2.60770320892334e-08], [-0.23562537133693695, 0.9691250324249268, 0.07264582067728043, 2.4966044425964355], [0.0, 0.0, 0.0, 1.0]], "intrinsics_ndc": [[2.0, 0.0, 0.0], [0.0, 2.0, 0.0], [0.0, 0.0, 1.0]]}, {"view_index": 48, "image_file": "view_0048.png", "camera_position_world": [-0.31446224451065063, -2.4178988933563232, 0.5365740656852722], "extrinsics_world_to_camera": [[0.8627549409866333, -0.0, 0.505622386932373, -0.0], [-0.4896826446056366, 0.24911075830459595, 0.8355565667152405, -5.960464477539063e-08], [0.1259559690952301, 0.9684749841690063, -0.21492153406143188, 2.4966044425964355], [0.0, 0.0, 0.0, 1.0]], "intrinsics_ndc": [[2.0, 0.0, 0.0], [0.0, 2.0, 0.0], [0.0, 0.0, 1.0]]}, {"view_index": 49, "image_file": "view_0049.png", "camera_position_world": [-0.13189339637756348, -2.416276216506958, -0.6142045259475708], "extrinsics_world_to_camera": [[-0.97771155834198, 0.0, 0.20995238423347473, 1.4901161193847656e-08], [-0.2031971663236618, 0.2516242265701294, -0.9462536573410034, 5.960464477539063e-08], [0.052829112857580185, 0.9678249955177307, 0.24601595103740692, 2.4966044425964355], [0.0, 0.0, 0.0, 1.0]], "intrinsics_ndc": [[2.0, 0.0, 0.0], [0.0, 2.0, 0.0], [0.0, 0.0, 1.0]]}, {"view_index": 50, "image_file": "view_0050.png", "camera_position_world": [0.5172051787376404, -2.4146533012390137, 0.36739832162857056], "extrinsics_world_to_camera": [[0.5791133642196655, 0.0, -0.8152470588684082, -2.9802322387695312e-08], [0.7884865403175354, 0.25411126017570496, 0.5601039528846741, 2.9802322387695312e-08], [-0.20716343820095062, 0.9671749472618103, -0.14715920388698578, 2.4966042041778564], [0.0, 0.0, 0.0, 1.0]], "intrinsics_ndc": [[2.0, 0.0, 0.0], [0.0, 2.0, 0.0], [0.0, 0.0, 1.0]]}, {"view_index": 51, "image_file": "view_0051.png", "camera_position_world": [-0.6356425285339355, -2.4130306243896484, 0.07921890169382095], "extrinsics_world_to_camera": [[0.12367132306098938, -0.0, 0.9923231601715088, 7.450580596923828e-09], [-0.9591051340103149, 0.256572425365448, 0.11953143030405045, 2.7939677238464355e-09], [0.2546028196811676, 0.9665250182151794, -0.03173065930604935, 2.4966044425964355], [0.0, 0.0, 0.0, 1.0]], "intrinsics_ndc": [[2.0, 0.0, 0.0], [0.0, 2.0, 0.0], [0.0, 0.0, 1.0]]}, {"view_index": 52, "image_file": "view_0052.png", "camera_position_world": [0.419133722782135, -2.411407947540283, -0.49241548776626587], "extrinsics_world_to_camera": [[-0.7614960670471191, 0.0, -0.6481694579124451, -0.0], [0.6260506510734558, 0.25900861620903015, -0.735509991645813, -0.0], [-0.16788148880004883, 0.965874969959259, 0.19723406434059143, 2.4966042041778564], [0.0, 0.0, 0.0, 1.0]], "intrinsics_ndc": [[2.0, 0.0, 0.0], [0.0, 2.0, 0.0], [0.0, 0.0, 1.0]]}, {"view_index": 53, "image_file": "view_0053.png", "camera_position_world": [0.023785168305039406, -2.409785032272339, 0.6522301435470581], "extrinsics_world_to_camera": [[0.9993357062339783, 0.0, -0.03644322231411934, -0.0], [0.035175908356904984, 0.2614205479621887, 0.9645838141441345, -0.0], [-0.00952700711786747, 0.9652249813079834, -0.2612468898296356, 2.4966042041778564], [0.0, 0.0, 0.0, 1.0]], "intrinsics_ndc": [[2.0, 0.0, 0.0], [0.0, 2.0, 0.0], [0.0, 0.0, 1.0]]}, {"view_index": 54, "image_file": "view_0054.png", "camera_position_world": [-0.462298721075058, -2.4081621170043945, -0.46911442279815674], "extrinsics_world_to_camera": [[-0.712261974811554, 0.0, 0.7019136548042297, -0.0], [-0.6770483255386353, 0.2638087868690491, -0.687030017375946, 5.960464477539063e-08], [0.1851709932088852, 0.964574933052063, 0.18790097534656525, 2.4966044425964355], [0.0, 0.0, 0.0, 1.0]], "intrinsics_ndc": [[2.0, 0.0, 0.0], [0.0, 2.0, 0.0], [0.0, 0.0, 1.0]]}, {"view_index": 55, "image_file": "view_0055.png", "camera_position_world": [0.6636642217636108, -2.4065394401550293, 0.033933598548173904], "extrinsics_world_to_camera": [[0.05106396973133087, 0.0, -0.9986953735351562, -3.725290298461914e-09], [0.9626674652099609, 0.26617398858070374, 0.049221836030483246, -3.271270543336868e-08], [-0.2658267319202423, 0.9639250040054321, -0.01359190046787262, 2.4966046810150146], [0.0, 0.0, 0.0, 1.0]], "intrinsics_ndc": [[2.0, 0.0, 0.0], [0.0, 2.0, 0.0], [0.0, 0.0, 1.0]]}, {"view_index": 56, "image_file": "view_0056.png", "camera_position_world": [-0.5167961716651917, -2.404916763305664, 0.42700278759002686], "extrinsics_world_to_camera": [[0.6369561553001404, -0.0, 0.7709001302719116, -0.0], [-0.7425888776779175, 0.26851680874824524, 0.6135640144348145, -5.960464477539063e-08], [0.20699961483478546, 0.9632750749588013, -0.17103341221809387, 2.4966044425964355], [0.0, 0.0, 0.0, 1.0]], "intrinsics_ndc": [[2.0, 0.0, 0.0], [0.0, 2.0, 0.0], [0.0, 0.0, 1.0]]}, {"view_index": 57, "image_file": "view_0057.png", "camera_position_world": [0.0934339165687561, -2.4032938480377197, -0.66968834400177], "extrinsics_world_to_camera": [[-0.9904071688652039, 0.0, -0.13818012177944183, -0.0], [0.13301564753055573, 0.27083778381347656, -0.9533907175064087, -0.0], [-0.037424396723508835, 0.9626250267028809, 0.26823967695236206, 2.4966044425964355], [0.0, 0.0, 0.0, 1.0]], "intrinsics_ndc": [[2.0, 0.0, 0.0], [0.0, 2.0, 0.0], [0.0, 0.0, 1.0]]}, {"view_index": 58, "image_file": "view_0058.png", "camera_position_world": [0.38672885298728943, -2.4016709327697754, 0.5616499185562134], "extrinsics_world_to_camera": [[0.823634684085846, 0.0, -0.5671207308769226, 2.9802322387695312e-08], [0.5455559492111206, 0.27313750982284546, 0.7923159599304199, -0.0], [-0.15490193665027618, 0.9619749784469604, -0.22496552765369415, 2.4966042041778564], [0.0, 0.0, 0.0, 1.0]], "intrinsics_ndc": [[2.0, 0.0, 0.0], [0.0, 2.0, 0.0], [0.0, 0.0, 1.0]]}, {"view_index": 59, "image_file": "view_0059.png", "camera_position_world": [-0.6700957417488098, -2.40004825592041, -0.15418747067451477], "extrinsics_world_to_camera": [[-0.2242380976676941, 0.0, 0.9745343923568726, -0.0], [-0.9368442893028259, 0.2754164934158325, -0.21556568145751953, -1.1175870895385742e-08], [0.2684028446674347, 0.9613249897956848, 0.061758872121572495, 2.4966044425964355], [0.0, 0.0, 0.0, 1.0]], "intrinsics_ndc": [[2.0, 0.0, 0.0], [0.0, 2.0, 0.0], [0.0, 0.0, 1.0]]}, {"view_index": 60, "image_file": "view_0060.png", "camera_position_world": [0.6031663417816162, -2.398425579071045, -0.34172990918159485], "extrinsics_world_to_camera": [[-0.49294233322143555, 0.0, -0.870061993598938, 2.9802322387695312e-08], [0.8358468413352966, 0.27767524123191833, -0.47355741262435913, -2.9802322387695312e-08], [-0.24159467220306396, 0.960675060749054, 0.1368778795003891, 2.4966046810150146], [0.0, 0.0, 0.0, 1.0]], "intrinsics_ndc": [[2.0, 0.0, 0.0], [0.0, 2.0, 0.0], [0.0, 0.0, 1.0]]}, {"view_index": 61, "image_file": "view_0061.png", "camera_position_world": [-0.21564579010009766, -2.3968026638031006, 0.6647311449050903], "extrinsics_world_to_camera": [[0.9511987566947937, -0.0, 0.30857887864112854, 1.4901161193847656e-08], [-0.29624342918395996, 0.2799142599105835, 0.913174569606781, 5.960464477539063e-08], [0.0863756313920021, 0.9600250124931335, -0.26625409722328186, 2.4966044425964355], [0.0, 0.0, 0.0, 1.0]], "intrinsics_ndc": [[2.0, 0.0, 0.0], [0.0, 2.0, 0.0], [0.0, 0.0, 1.0]]}, {"view_index": 62, "image_file": "view_0062.png", "camera_position_world": [-0.2923088073730469, -2.3951799869537354, -0.6408607959747314], "extrinsics_world_to_camera": [[-0.9098263382911682, 0.0, 0.41498908400535583, -2.9802322387695312e-08], [-0.3981301486492157, 0.2821339964866638, -0.8728646636009216, -0.0], [0.11708254367113113, 0.9593750238418579, 0.2566929757595062, 2.4966046810150146], [0.0, 0.0, 0.0, 1.0]], "intrinsics_ndc": [[2.0, 0.0, 0.0], [0.0, 2.0, 0.0], [0.0, 0.0, 1.0]]}, {"view_index": 63, "image_file": "view_0063.png", "camera_position_world": [0.6534931659698486, -2.393557071685791, 0.2772451639175415], "extrinsics_world_to_camera": [[0.39055654406547546, 0.0, -0.9205788969993591, -0.0], [0.8825820088386536, 0.2843349575996399, 0.37443631887435913, 7.450580596923828e-09], [-0.26175278425216675, 0.9587249755859375, -0.11104889214038849, 2.4966042041778564], [0.0, 0.0, 0.0, 1.0]], "intrinsics_ndc": [[2.0, 0.0, 0.0], [0.0, 2.0, 0.0], [0.0, 0.0, 1.0]]}, {"view_index": 64, "image_file": "view_0064.png", "camera_position_world": [-0.6742782592773438, -2.3919341564178467, 0.2388155311346054], "extrinsics_world_to_camera": [[0.333857923746109, -0.0, 0.942623496055603, 1.4901161193847656e-08], [-0.9031039476394653, 0.28651756048202515, 0.31986090540885925, 6.705522537231445e-08], [0.2700781226158142, 0.9580749273300171, -0.0956561341881752, 2.4966042041778564], [0.0, 0.0, 0.0, 1.0]], "intrinsics_ndc": [[2.0, 0.0, 0.0], [0.0, 2.0, 0.0], [0.0, 0.0, 1.0]]}, {"view_index": 65, "image_file": "view_0065.png", "camera_position_world": [0.33841174840927124, -2.3903114795684814, -0.6363349556922913], "extrinsics_world_to_camera": [[-0.88290935754776, 0.0, -0.4695434272289276, -0.0], [0.44955262541770935, 0.28868213295936584, -0.8453195095062256, -0.0], [-0.13554880023002625, 0.9574249982833862, 0.2548801600933075, 2.4966044425964355], [0.0, 0.0, 0.0, 1.0]], "intrinsics_ndc": [[2.0, 0.0, 0.0], [0.0, 2.0, 0.0], [0.0, 0.0, 1.0]]}, {"view_index": 66, "image_file": "view_0066.png", "camera_position_world": [0.18164478242397308, -2.388688802719116, 0.7029972076416016], "extrinsics_world_to_camera": [[0.9682019352912903, 0.0, -0.2501699924468994, -1.4901161193847656e-08], [0.2393563985824585, 0.2908291518688202, 0.9263514280319214, 5.960464477539063e-08], [-0.07275673002004623, 0.9567750096321106, -0.2815813422203064, 2.4966044425964355], [0.0, 0.0, 0.0, 1.0]], "intrinsics_ndc": [[2.0, 0.0, 0.0], [0.0, 2.0, 0.0], [0.0, 0.0, 1.0]]}, {"view_index": 67, "image_file": "view_0067.png", "camera_position_world": [-0.6132655739784241, -2.387065887451172, -0.3985666334629059], "extrinsics_world_to_camera": [[-0.5449345707893372, 0.0, 0.8384786248207092, -2.9802322387695312e-08], [-0.8016903400421143, 0.2929590344429016, -0.521025538444519, 1.4901161193847656e-08], [0.2456398606300354, 0.9561249613761902, 0.1596434861421585, 2.4966044425964355], [0.0, 0.0, 0.0, 1.0]], "intrinsics_ndc": [[2.0, 0.0, 0.0], [0.0, 2.0, 0.0], [0.0, 0.0, 1.0]]}, {"view_index": 68, "image_file": "view_0068.png", "camera_position_world": [0.7266343832015991, -2.3854429721832275, -0.12123245745897293], "extrinsics_world_to_camera": [[-0.16456636786460876, 0.0, -0.9863660931587219, -0.0], [0.942448079586029, 0.295072078704834, -0.15723903477191925, -1.4901161193847656e-08], [-0.291049063205719, 0.9554749131202698, 0.04855893552303314, 2.4966042041778564], [0.0, 0.0, 0.0, 1.0]], "intrinsics_ndc": [[2.0, 0.0, 0.0], [0.0, 2.0, 0.0], [0.0, 0.0, 1.0]]}, {"view_index": 69, "image_file": "view_0069.png", "camera_position_world": [-0.45713138580322266, -2.3838202953338623, 0.5843502879142761], "extrinsics_world_to_camera": [[0.7876268625259399, -0.0, 0.6161525845527649, -0.0], [-0.58831787109375, 0.29716870188713074, 0.7520458102226257, 2.9802322387695312e-08], [0.18310125172138214, 0.9548249840736389, -0.23405802249908447, 2.4966044425964355], [0.0, 0.0, 0.0, 1.0]], "intrinsics_ndc": [[2.0, 0.0, 0.0], [0.0, 2.0, 0.0], [0.0, 0.0, 1.0]]}, {"view_index": 70, "image_file": "view_0070.png", "camera_position_world": [-0.058052051812410355, -2.382197618484497, -0.7448480129241943], "extrinsics_world_to_camera": [[-0.9969765543937683, 0.0, 0.07770247757434845, -0.0], [-0.07414176315069199, 0.29924917221069336, -0.9512901306152344, -0.0], [0.023252403363585472, 0.9541750550270081, 0.2983444333076477, 2.4966049194335938], [0.0, 0.0, 0.0, 1.0]], "intrinsics_ndc": [[2.0, 0.0, 0.0], [0.0, 2.0, 0.0], [0.0, 0.0, 1.0]]}, {"view_index": 71, "image_file": "view_0071.png", "camera_position_world": [0.549710214138031, -2.3805747032165527, 0.5135331153869629], "extrinsics_world_to_camera": [[0.6826522350311279, 0.0, -0.730743408203125, 2.9802322387695312e-08], [0.696782112121582, 0.30131393671035767, 0.6509259939193726, 5.960464477539063e-08], [-0.22018314898014069, 0.9535250067710876, -0.2056926190853119, 2.4966044425964355], [0.0, 0.0, 0.0, 1.0]], "intrinsics_ndc": [[2.0, 0.0, 0.0], [0.0, 2.0, 0.0], [0.0, 0.0, 1.0]]}, {"view_index": 72, "image_file": "view_0072.png", "camera_position_world": [-0.7573419213294983, -2.3789520263671875, -0.007389310747385025], "extrinsics_world_to_camera": [[-0.009756437502801418, 0.0, 0.9999523758888245, -4.656612873077393e-10], [-0.9528296589851379, 0.30336320400238037, -0.009296665899455547, -3.1403033062815666e-08], [0.3033487796783447, 0.952875018119812, 0.002959744306281209, 2.4966046810150146], [0.0, 0.0, 0.0, 1.0]], "intrinsics_ndc": [[2.0, 0.0, 0.0], [0.0, 2.0, 0.0], [0.0, 0.0, 1.0]]}, {"view_index": 73, "image_file": "view_0073.png", "camera_position_world": [0.5672097206115723, -2.3773293495178223, -0.5095221996307373], "extrinsics_world_to_camera": [[-0.6682640314102173, 0.0, -0.7439241409301758, -2.9802322387695312e-08], [0.7083831429481506, 0.3053973317146301, -0.6363376975059509, 5.960464477539063e-08], [-0.2271924465894699, 0.9522249698638916, 0.2040860503911972, 2.4966044425964355], [0.0, 0.0, 0.0, 1.0]], "intrinsics_ndc": [[2.0, 0.0, 0.0], [0.0, 2.0, 0.0], [0.0, 0.0, 1.0]]}, {"view_index": 74, "image_file": "view_0074.png", "camera_position_world": [-0.07455524057149887, -2.375706434249878, 0.7638680934906006], "extrinsics_world_to_camera": [[0.9952706694602966, -0.0, 0.09714065492153168, -7.450580596923828e-09], [-0.09243661910295486, 0.3074166774749756, 0.9470747113227844, -0.0], [0.0298626571893692, 0.9515750408172607, -0.30596280097961426, 2.4966046810150146], [0.0, 0.0, 0.0, 1.0]], "intrinsics_ndc": [[2.0, 0.0, 0.0], [0.0, 2.0, 0.0], [0.0, 0.0, 1.0]]}, {"view_index": 75, "image_file": "view_0075.png", "camera_position_world": [-0.46401721239089966, -2.3740835189819336, -0.6176155209541321], "extrinsics_world_to_camera": [[-0.7994991540908813, 0.0, 0.6006671786308289, -0.0], [-0.5711894035339355, 0.30942144989967346, -0.7602637410163879, -2.9802322387695312e-08], [0.1858593225479126, 0.9509249925613403, 0.24738220870494843, 2.4966044425964355], [0.0, 0.0, 0.0, 1.0]], "intrinsics_ndc": [[2.0, 0.0, 0.0], [0.0, 2.0, 0.0], [0.0, 0.0, 1.0]]}, {"view_index": 76, "image_file": "view_0076.png", "camera_position_world": [0.7642300128936768, -2.3724608421325684, 0.14288465678691864], "extrinsics_world_to_camera": [[0.1837809830904007, 0.0, -0.98296719789505, -1.4901161193847656e-08], [0.934089183807373, 0.31141194701194763, 0.17464247345924377, -6.705522537231445e-08], [-0.306107759475708, 0.9502750039100647, -0.0572315976023674, 2.4966044425964355], [0.0, 0.0, 0.0, 1.0]], "intrinsics_ndc": [[2.0, 0.0, 0.0], [0.0, 2.0, 0.0], [0.0, 0.0, 1.0]]}, {"view_index": 77, "image_file": "view_0077.png", "camera_position_world": [-0.6642258763313293, -2.370837926864624, 0.4134790599346161], "extrinsics_world_to_camera": [[0.5284704566001892, -0.0, 0.8489516377449036, 2.9802322387695312e-08], [-0.8061856627464294, 0.31338849663734436, 0.5018487572669983, 1.4901161193847656e-08], [0.266051709651947, 0.9496249556541443, -0.16561657190322876, 2.4966044425964355], [0.0, 0.0, 0.0, 1.0]], "intrinsics_ndc": [[2.0, 0.0, 0.0], [0.0, 2.0, 0.0], [0.0, 0.0, 1.0]]}, {"view_index": 78, "image_file": "view_0078.png", "camera_position_world": [0.21179664134979248, -2.369215250015259, -0.7582843899726868], "extrinsics_world_to_camera": [[-0.9631362557411194, 0.0, -0.2690138816833496, -0.0], [0.2552874684333801, 0.315351277589798, -0.9139922261238098, -5.960464477539063e-08], [-0.08483388274908066, 0.9489750266075134, 0.30372628569602966, 2.4966044425964355], [0.0, 0.0, 0.0, 1.0]], "intrinsics_ndc": [[2.0, 0.0, 0.0], [0.0, 2.0, 0.0], [0.0, 0.0, 1.0]]}, {"view_index": 79, "image_file": "view_0079.png", "camera_position_world": [0.35824236273765564, -2.3675923347473145, 0.7065425515174866], "extrinsics_world_to_camera": [[0.8919029831886292, 0.0, -0.4522267282009125, -0.0], [0.4288578927516937, 0.31730061769485474, 0.8458138704299927, -5.960464477539063e-08], [-0.14349183440208435, 0.948324978351593, -0.2830013930797577, 2.4966044425964355], [0.0, 0.0, 0.0, 1.0]], "intrinsics_ndc": [[2.0, 0.0, 0.0], [0.0, 2.0, 0.0], [0.0, 0.0, 1.0]]}, {"view_index": 80, "image_file": "view_0080.png", "camera_position_world": [-0.7459433674812317, -2.365969657897949, -0.2806955873966217], "extrinsics_world_to_camera": [[-0.35218673944473267, 0.0,